1083920	1083924
1083920	1083927
1083919	1083916
1083919	1083917
1083919	1089467
1083918	1083917
1083918	1085486
1083918	1085487
1085487	1083918
1089467	1083919
1083927	1083920
1083927	1083931
1083927	1083932
1083927	1084289
1083927	1084951
1084276	1083922
1084276	1084277
1084276	1084288
1084280	1083922
1084280	1084281
1084280	1084283
1089819	1083923
1083925	1083924
1083925	1089815
1083925	1089816
1089815	1083925
1089815	1083929
1089815	1089817
1089816	1083925
1089522	1083926
1083931	1083927
1083931	1083979
1083931	1084951
1083932	1083927
1083932	1083980
1083932	1084290
1083932	1084381
1084951	1083927
1084951	1083931
1084951	1086225
1084289	1083927
1084289	1084278
1084289	1085488
1083929	1083930
1083929	1083969
1083929	1089815
1083930	1083929
1083930	1086225
1083930	1089813
1083969	1083929
1083969	1083973
1083969	1089818
1086225	1083930
1086225	1084951
1086225	1086226
1089813	1083930
1083979	1083931
1083979	1083980
1083979	1085484
1084290	1083932
1084290	1084291
1084290	1089394
1084381	1083932
1084381	1084394
1084381	1084399
1084381	1084409
1084381	1084411
1083980	1083932
1083980	1083979
1083980	1084382
1083939	1083933
1083939	1083935
1083939	1083951
1083938	1083933
1083938	1083937
1083938	1089796
1083935	1083936
1083935	1083939
1083935	1083940
1083936	1083935
1083940	1083935
1083940	1089159
1083937	1083938
1089796	1083938
1083951	1083939
1083951	1083950
1083951	1089784
1089159	1083940
1089159	1083946
1083941	1083942
1083941	1089857
1083942	1083941
1083942	1086216
1083942	1086217
1089857	1083941
1089857	1083943
1086216	1083942
1086216	1089797
1086216	1089798
1086217	1083942
1083943	1083944
1083943	1083945
1083943	1089857
1083944	1083943
1083945	1083943
1083945	1083946
1083949	1083947
1083955	1083948
1083955	1083950
1083955	1089783
1083956	1083948
1083956	1083957
1083956	1089153
1083950	1083951
1083950	1083952
1083950	1083955
1083952	1083950
1083952	1086257
1089784	1083951
1086257	1083952
1086257	1083963
1083954	1083953
1083954	1083957
1083954	1086249
1083957	1083954
1083957	1083956
1083957	1083958
1086249	1083954
1089783	1083955
1089153	1083956
1083958	1083957
1083958	1089161
1083958	1089162
1089161	1083958
1089161	1086255
1089162	1083958
1086250	1083959
1084639	1083960
1084639	1084024
1084639	1089160
1083962	1083961
1083962	1084032
1083962	1084034
1084027	1083961
1084027	1084025
1084027	1089163
1086255	1083961
1086255	1086256
1086255	1089161
1084032	1083962
1084032	1084028
1084032	1084033
1084032	1084037
1084034	1083962
1084034	1084033
1083964	1083963
1083964	1089156
1083964	1089157
1089156	1083964
1089156	1083965
1089156	1089530
1089157	1083964
1083965	1083966
1083965	1083967
1083965	1089156
1083965	1090227
1083966	1083965
1083966	1089498
1083966	1089528
1083967	1083965
1083967	1089154
1083967	1089155
1090227	1083965
1089498	1083966
1089498	1089499
1089498	1089529
1089528	1083966
1089154	1083967
1089154	1084035
1089154	1089497
1089155	1083967
1083971	1083968
1083971	1083972
1083971	1083982
1090481	1083968
1083973	1083969
1083973	1083974
1083973	1083975
1089818	1083969
1090426	1083970
1090426	1084949
1090426	1084950
1083972	1083971
1083972	1084949
1083972	1084950
1084949	1083972
1084949	1090426
1084950	1083972
1084950	1090426
1083974	1083973
1083974	1089808
1083974	1089810
1083975	1083973
1089808	1083974
1089808	1083983
1089808	1089809
1089810	1083974
1083976	1083977
1083976	1083978
1083976	1083986
1083977	1083976
1083977	1083983
1083977	1089419
1083978	1083976
1083986	1083976
1083986	1083985
1083986	1086223
1089419	1083977
1085484	1083979
1085484	1084123
1085484	1090482
1084382	1083980
1084382	1086227
1084382	1089461
1083981	1083982
1083981	1083984
1083981	1086232
1083984	1083981
1083984	1084038
1083984	1089499
1084038	1083984
1084038	1084039
1084038	1084040
1089499	1083984
1089499	1089498
1089499	1089502
1083985	1083986
1083985	1083987
1083985	1086239
1083987	1083985
1083987	1086221
1083987	1086222
1086239	1083985
1086239	1086241
1086239	1089801
1086223	1083986
1086221	1083987
1086221	1089420
1086222	1083987
1086222	1089421
1086222	1089423
1083989	1083988
1083989	1083993
1083989	1083995
1083989	1083996
1084641	1083988
1083995	1083989
1083996	1083989
1083996	1083997
1083996	1083999
1083996	1084000
1083993	1083989
1083993	1083992
1083993	1083994
1083991	1083990
1083991	1089744
1083991	1089745
1089743	1083990
1089744	1083991
1089745	1083991
1083997	1083994
1083997	1083996
1083997	1084001
1084000	1083996
1084000	1084003
1084000	1084054
1084000	1084055
1083999	1083996
1083999	1083998
1083999	1089126
1084001	1083997
1084001	1084002
1084001	1086261
1083998	1083999
1083998	1084024
1083998	1084025
1083998	1084026
1084024	1083998
1084024	1084639
1084024	1084640
1084025	1083998
1084025	1084027
1084025	1084029
1084026	1083998
1084026	1084030
1084026	1084054
1089126	1083999
1084054	1084000
1084054	1084026
1084054	1084055
1084003	1084000
1084003	1084002
1084002	1084001
1084002	1084003
1084002	1084005
1086261	1084001
1084005	1084002
1084005	1084004
1084005	1089110
1084006	1084004
1084006	1084010
1084006	1084011
1089110	1084005
1084010	1084006
1084010	1084143
1084011	1084006
1084011	1084008
1084011	1090354
1084013	1084007
1084013	1084008
1084013	1084014
1089229	1084007
1084008	1084009
1084008	1084011
1084008	1084012
1084008	1084013
1084009	1084008
1084143	1084010
1084143	1084056
1084143	1084144
1090354	1084011
1084015	1084012
1084015	1084014
1084015	1084021
1084022	1084012
1084022	1084017
1084022	1089114
1084014	1084013
1084014	1084015
1084014	1084019
1084016	1084017
1084016	1084145
1084016	1089111
1084017	1084016
1084017	1084018
1084017	1084022
1084145	1084016
1084145	1084146
1089111	1084016
1089111	1084144
1089111	1089113
1084018	1084017
1084018	1084146
1084018	1084148
1084146	1084018
1084146	1084145
1084146	1084152
1084148	1084018
1084148	1090276
1084148	1090277
1084020	1084019
1084020	1084021
1084020	1084023
1089114	1084022
1089148	1084023
1084640	1084024
1084029	1084025
1084029	1084028
1084029	1089164
1089163	1084027
1084028	1084029
1084028	1084030
1084028	1084032
1089164	1084029
1084059	1084031
1084059	1084063
1084059	1089165
1084062	1084031
1084062	1084060
1084062	1089151
1084033	1084032
1084033	1084034
1084033	1084035
1084037	1084032
1084037	1084036
1084037	1084643
1084035	1084033
1084035	1084045
1084035	1084046
1084035	1089154
1084046	1084035
1084046	1084036
1084046	1086264
1084045	1084035
1084045	1084044
1084045	1086263
1084036	1084037
1084036	1084046
1084036	1084048
1084036	1084058
1084058	1084036
1084058	1084643
1084058	1086265
1084048	1084036
1084048	1084047
1084048	1086576
1084643	1084037
1084643	1084058
1084039	1084038
1084040	1084038
1084040	1084041
1084040	1084042
1084041	1084040
1084042	1084040
1084042	1084043
1084042	1084049
1084043	1084042
1084049	1084042
1084049	1084044
1084049	1084051
1084044	1084045
1084044	1084049
1084044	1084050
1084050	1084044
1084050	1084052
1086263	1084045
1086263	1086264
1086263	1086576
1086264	1084046
1086264	1086263
1084047	1084048
1084047	1084065
1084047	1084066
1084047	1084067
1084066	1084047
1084066	1084068
1084066	1084168
1084067	1084047
1084067	1084068
1084067	1084105
1084067	1084109
1084065	1084047
1084065	1084051
1084065	1089108
1086576	1084048
1086576	1086263
1084051	1084049
1084051	1084053
1084051	1084065
1084052	1084050
1084052	1089171
1084053	1084051
1084053	1084110
1084053	1084113
1089171	1084052
1089171	1089172
1089171	1089173
1084110	1084053
1084110	1084111
1084110	1084112
1084113	1084053
1084113	1084114
1084113	1084115
1084056	1084055
1084056	1084057
1084056	1084143
1084057	1084056
1086265	1084058
1086265	1089165
1086265	1090326
1084063	1084059
1084063	1084064
1084063	1084078
1089165	1084059
1089165	1086265
1089165	1089168
1084060	1084061
1084060	1084062
1084060	1084069
1084061	1084060
1084061	1089101
1084061	1089102
1084069	1084060
1084069	1084070
1084069	1089100
1089101	1084061
1089101	1084149
1089101	1090156
1089102	1084061
1089102	1084072
1089102	1089103
1089151	1084062
1084064	1084063
1084064	1089166
1084064	1089168
1084078	1084063
1084078	1084076
1084078	1084077
1084078	1084079
1089166	1084064
1089166	1089167
1089166	1089169
1089168	1084064
1089168	1089165
1089168	1089169
1089108	1084065
1084168	1084066
1084168	1084166
1084168	1086575
1084068	1084066
1084068	1084067
1084068	1089107
1084109	1084067
1084109	1084108
1084109	1089106
1084105	1084067
1084105	1084083
1084105	1090328
1089107	1084068
1084070	1084069
1084070	1084071
1084070	1084072
1089100	1084069
1084071	1084070
1084071	1084088
1084071	1089152
1084072	1084070
1084072	1084073
1084072	1089102
1084072	1090156
1084088	1084071
1084088	1084074
1084088	1084090
1089152	1084071
1084073	1084072
1084073	1084074
1084073	1084086
1084074	1084073
1084074	1084087
1084074	1084088
1084074	1084089
1084086	1084073
1084086	1084087
1084089	1084074
1084089	1084091
1084089	1084092
1084089	1084096
1084087	1084074
1084087	1084086
1084087	1084095
1084075	1084076
1084075	1084077
1084075	1084090
1084076	1084075
1084076	1084078
1084077	1084075
1084077	1084078
1084077	1084081
1084077	1084091
1084090	1084075
1084090	1084088
1084090	1084091
1084081	1084077
1084081	1084079
1084081	1084093
1084081	1084102
1084091	1084077
1084091	1084089
1084091	1084090
1084079	1084078
1084079	1084080
1084079	1084081
1084080	1084079
1084080	1084085
1084080	1084102
1084080	1089167
1084085	1084080
1084085	1084082
1084085	1084084
1084102	1084080
1084102	1084081
1084102	1084094
1089167	1084080
1089167	1089166
1089167	1090328
1084093	1084081
1084093	1084092
1084093	1084094
1084082	1084083
1084082	1084084
1084082	1084085
1084083	1084082
1084083	1084105
1084083	1084106
1084084	1084082
1084084	1084085
1084084	1084107
1084084	1084156
1084106	1084083
1084106	1084108
1084106	1086207
1084107	1084084
1084107	1086207
1084107	1089104
1084156	1084084
1084156	1084104
1084156	1084155
1084095	1084087
1084095	1084096
1084092	1084089
1084092	1084093
1084092	1084098
1084092	1084100
1084096	1084089
1084096	1084095
1084096	1084097
1084096	1084153
1084098	1084092
1084098	1084097
1084098	1084099
1084100	1084092
1084100	1084094
1084100	1084101
1084094	1084093
1084094	1084100
1084094	1084102
1084094	1084103
1084103	1084094
1084103	1084101
1084103	1084104
1084097	1084096
1084097	1084098
1084153	1084096
1084153	1084149
1084153	1090416
1084099	1084098
1084099	1084101
1084101	1084099
1084101	1084100
1084101	1084103
1084104	1084103
1084104	1084156
1084104	1084157
1084157	1084104
1084157	1084158
1084157	1084160
1090328	1084105
1090328	1089167
1090328	1090327
1084108	1084106
1084108	1084109
1084108	1084164
1086207	1084106
1086207	1084107
1086207	1086208
1089104	1084107
1084164	1084108
1084164	1084163
1084164	1089105
1089106	1084109
1084111	1084110
1084112	1084110
1084114	1084113
1084115	1084113
1084115	1084116
1084115	1084130
1084116	1084115
1084116	1084117
1084116	1084178
1084130	1084115
1084130	1086262
1084117	1084116
1084117	1084118
1084117	1084120
1084178	1084116
1084178	1084179
1084178	1086262
1084118	1084117
1084118	1089811
1084118	1089812
1084120	1084117
1084120	1084119
1084120	1089821
1089811	1084118
1089811	1086218
1089811	1089814
1089812	1084118
1084119	1084120
1084119	1084131
1084119	1084132
1084131	1084119
1084131	1084121
1084131	1089804
1084132	1084119
1084132	1084133
1084132	1084135
1084132	1084138
1089821	1084120
1084121	1084122
1084121	1084123
1084121	1084124
1084121	1084131
1084122	1084121
1084123	1084121
1084123	1085484
1084123	1089805
1084124	1084121
1084124	1084125
1084124	1084478
1089805	1084123
1084125	1084124
1084125	1084126
1084125	1084127
1084478	1084124
1084478	1084471
1084478	1084479
1084126	1084125
1084126	1084127
1084126	1084129
1084127	1084125
1084127	1084126
1084127	1084128
1084129	1084126
1084129	1084496
1084129	1089222
1084128	1084127
1084128	1084133
1084133	1084128
1084133	1084132
1084133	1084134
1089222	1084129
1084496	1084129
1084496	1084136
1084496	1084479
1086262	1084130
1086262	1084178
1086262	1086574
1089804	1084131
1084135	1084132
1084135	1084139
1084135	1089223
1084138	1084132
1084138	1084139
1084138	1084201
1084134	1084133
1084134	1089220
1084134	1089221
1089220	1084134
1089221	1084134
1084139	1084135
1084139	1084138
1084139	1084140
1089223	1084135
1089223	1089197
1089223	1089224
1084136	1084137
1084136	1084216
1084136	1084496
1084136	1084497
1084136	1084498
1084137	1084136
1084137	1089197
1084137	1089198
1084497	1084136
1084497	1084498
1084497	1084499
1084498	1084136
1084498	1084497
1084498	1084557
1084498	1084558
1084216	1084136
1084216	1084213
1084216	1084557
1089197	1084137
1089197	1089223
1089197	1089225
1089198	1084137
1084201	1084138
1084201	1084202
1084201	1090502
1084140	1084139
1084140	1084141
1084140	1084196
1084141	1084140
1084141	1084142
1084141	1084197
1084196	1084140
1084196	1084197
1084196	1086281
1084142	1084141
1084197	1084141
1084197	1084196
1084144	1084143
1084144	1089111
1084144	1089112
1089112	1084144
1090276	1084148
1090277	1084148
1084149	1084150
1084149	1084153
1084149	1084154
1084149	1089101
1084150	1084149
1084150	1084151
1084150	1089125
1084154	1084149
1084154	1084160
1084154	1084161
1089125	1084150
1086260	1084151
1089119	1084152
1090416	1084153
1084161	1084154
1084161	1084159
1084161	1084176
1084160	1084154
1084160	1084157
1084155	1084156
1084158	1084157
1084158	1084159
1084158	1084162
1084159	1084158
1084159	1084161
1084159	1084162
1084162	1084158
1084162	1084159
1084162	1084163
1084176	1084161
1084176	1089079
1084176	1089080
1084163	1084162
1084163	1084164
1084163	1084165
1089105	1084164
1084169	1084166
1084169	1084170
1084169	1084179
1084170	1084167
1084170	1084169
1084170	1084171
1089082	1084167
1086575	1084168
1086575	1086574
1084179	1084169
1084179	1084178
1084179	1084180
1084171	1084170
1084171	1084181
1084171	1084191
1084181	1084171
1084181	1084182
1084181	1084192
1084173	1084172
1084174	1084175
1084174	1084177
1084174	1089079
1084175	1084174
1084175	1089121
1084177	1084174
1084177	1086273
1084177	1086274
1089079	1084174
1089079	1084176
1089079	1089081
1089121	1084175
1089121	1089122
1089121	1089123
1089080	1084176
1086273	1084177
1086273	1086271
1086273	1089124
1086274	1084177
1084180	1084179
1084180	1089092
1084180	1089095
1089092	1084180
1089092	1089093
1089092	1089094
1089095	1084180
1089095	1089094
1084182	1084181
1084182	1084183
1084182	1084184
1084192	1084181
1084183	1084182
1084184	1084182
1084184	1084185
1084184	1084193
1084185	1084184
1084185	1084186
1084185	1084188
1084185	1084189
1084193	1084184
1084193	1084217
1084193	1086276
1084186	1084185
1084186	1084187
1084186	1089093
1084188	1084185
1084188	1089090
1084189	1084185
1084189	1084190
1084189	1089091
1084187	1084186
1089093	1084186
1089093	1089092
1089093	1089820
1089090	1084188
1089090	1089091
1084190	1084189
1084190	1084202
1084190	1089088
1089091	1084189
1089091	1089090
1084202	1084190
1084202	1084201
1084202	1084203
1084202	1084204
1089088	1084190
1086276	1084193
1084194	1084195
1084194	1084204
1084195	1084194
1084195	1084219
1084204	1084194
1084204	1084202
1084204	1084205
1084219	1084195
1084219	1086266
1084219	1086270
1086281	1084196
1086281	1084212
1086281	1086282
1084198	1084199
1084198	1084200
1084199	1084198
1084199	1084493
1084199	1084503
1084200	1084198
1084200	1084504
1084200	1084506
1084493	1084199
1084493	1084494
1084493	1084501
1084503	1084199
1084503	1084495
1084503	1084502
1084503	1084504
1084504	1084200
1084504	1084503
1084504	1084505
1084506	1084200
1084506	1084505
1084506	1089208
1090502	1084201
1084203	1084202
1084203	1084209
1084203	1086277
1084209	1084203
1084209	1084206
1084209	1084210
1086277	1084203
1084205	1084204
1084205	1084206
1084205	1084207
1084206	1084205
1084206	1084209
1084206	1089347
1084207	1084205
1084207	1084208
1084207	1084220
1089347	1084206
1089347	1084208
1089347	1084210
1084208	1084207
1084208	1089347
1084210	1084209
1084210	1084223
1084210	1089347
1084211	1084212
1084211	1084213
1084211	1084215
1084212	1084211
1084212	1086281
1084212	1089196
1084213	1084211
1084213	1084214
1084213	1084216
1084215	1084211
1084215	1084214
1084215	1089201
1089196	1084212
1084226	1084214
1084226	1086307
1084226	1086308
1089201	1084215
1089201	1089199
1089201	1089203
1084557	1084216
1084557	1084498
1084557	1084501
1084557	1084565
1084218	1084217
1086270	1084219
1089341	1084222
1084224	1084223
1084224	1089199
1084224	1089200
1089199	1084224
1089199	1089201
1089199	1089202
1089200	1084224
1089342	1084225
1089342	1089345
1089343	1084225
1086307	1084226
1086307	1084563
1086307	1089179
1086308	1084226
1086308	1089178
1084228	1084227
1084228	1084229
1084228	1084230
1084236	1084227
1084236	1084230
1084236	1084235
1084229	1084228
1084229	1084231
1084229	1084232
1084230	1084228
1084230	1084232
1084230	1084236
1084232	1084229
1084232	1084230
1084232	1084244
1084233	1084231
1084233	1084244
1084233	1084260
1084244	1084232
1084244	1084233
1084244	1084257
1084244	1084258
1084260	1084233
1084260	1084261
1084260	1084262
1084237	1084234
1084237	1084239
1084237	1084240
1085429	1084235
1085429	1085516
1085429	1085517
1084239	1084237
1084239	1084241
1084239	1084242
1084240	1084237
1084242	1084239
1084243	1084241
1084243	1084245
1084243	1084920
1084243	1085995
1084245	1084243
1084245	1084246
1084245	1084249
1084245	1086000
1085995	1084243
1085995	1084263
1085995	1086003
1084920	1084243
1084920	1084261
1084920	1086003
1084257	1084244
1084258	1084244
1084258	1084261
1084249	1084245
1084249	1084248
1084249	1085514
1084249	1085515
1086000	1084245
1084247	1084246
1084247	1084254
1084247	1086001
1084248	1084246
1084248	1084249
1084248	1084252
1084248	1084268
1084254	1084247
1084254	1084253
1084254	1084255
1084254	1084256
1086001	1084247
1086001	1084253
1084252	1084248
1084252	1084253
1084252	1084275
1085515	1084249
1085515	1084250
1085515	1085514
1085514	1084249
1085514	1084269
1085514	1085515
1084250	1084251
1084250	1084265
1084250	1085515
1084251	1084250
1084251	1084263
1084251	1084264
1084265	1084250
1084265	1084264
1084265	1084267
1084263	1084251
1084263	1085995
1084263	1085996
1084264	1084251
1084264	1084265
1084264	1084266
1084264	1085996
1084253	1084252
1084253	1084254
1084253	1086001
1084275	1084252
1084275	1084274
1084275	1086002
1084255	1084254
1084255	1084274
1084255	1084921
1084256	1084254
1084256	1084327
1084256	1084328
1084256	1086009
1084921	1084255
1084921	1084298
1084921	1084304
1084327	1084256
1084328	1084256
1084328	1084336
1084328	1084338
1084328	1084345
1086009	1084256
1086009	1086008
1086009	1086013
1084261	1084258
1084261	1084260
1084261	1084920
1084329	1084259
1084329	1084330
1084329	1084332
1084262	1084260
1084262	1084292
1084262	1084294
1084292	1084262
1084292	1084315
1084292	1085509
1084294	1084262
1084294	1084286
1085996	1084263
1085996	1084264
1085996	1085997
1084266	1084264
1084266	1084267
1084266	1084271
1084266	1085997
1084267	1084265
1084267	1084266
1084267	1084269
1084267	1084272
1085997	1084266
1085997	1085996
1085997	1085998
1085997	1086558
1084271	1084266
1084271	1084270
1084271	1085994
1084272	1084267
1084272	1084273
1084269	1084267
1084269	1084268
1084269	1084273
1084269	1085514
1084273	1084269
1084273	1084272
1084273	1084302
1084270	1084271
1084270	1084293
1084270	1084300
1084270	1084308
1084293	1084270
1084293	1085509
1084293	1085510
1084308	1084270
1084300	1084270
1084300	1084299
1084300	1086006
1085994	1084271
1085994	1084299
1085994	1084302
1084302	1084273
1084302	1084301
1084302	1085994
1086002	1084275
1084277	1084276
1084277	1084281
1084277	1084284
1084288	1084276
1084288	1089409
1084288	1089411
1084281	1084277
1084281	1084280
1084281	1084282
1084284	1084277
1084284	1089408
1084278	1084279
1084278	1084289
1084278	1084291
1084278	1089409
1084279	1084278
1089409	1084278
1089409	1084288
1089409	1089410
1084291	1084278
1084291	1084290
1084291	1089414
1084283	1084280
1084282	1084281
1084282	1085493
1084282	1089468
1085493	1084282
1085493	1084286
1085493	1085494
1089468	1084282
1089408	1084284
1084286	1084287
1084286	1084294
1084286	1085493
1084287	1084286
1084287	1089406
1084287	1089415
1089406	1084287
1089406	1085491
1089406	1089407
1089415	1084287
1089411	1084288
1089411	1089412
1089411	1089413
1085488	1084289
1089394	1084290
1089394	1084384
1089394	1089395
1089414	1084291
1084315	1084292
1084315	1084316
1084315	1084317
1084315	1084318
1085509	1084292
1085509	1084293
1085509	1085507
1085510	1084293
1085510	1085507
1085510	1085513
1084297	1084295
1084297	1084301
1084297	1084303
1084297	1084311
1084298	1084296
1084298	1084921
1084301	1084297
1084301	1084302
1084301	1084310
1084303	1084297
1084303	1084304
1084303	1084314
1084311	1084297
1084311	1084310
1084311	1084313
1084299	1084300
1084299	1084309
1084299	1085994
1084309	1084299
1084309	1084310
1084309	1084312
1086006	1084300
1084310	1084301
1084310	1084309
1084310	1084311
1084310	1084319
1084304	1084303
1084304	1084305
1084304	1084321
1084304	1084921
1084314	1084303
1084314	1084313
1084314	1084323
1084314	1087031
1084305	1084304
1084305	1084306
1084305	1084307
1084321	1084304
1084321	1084324
1084321	1087031
1084306	1084305
1084306	1086286
1084306	1089276
1084307	1084305
1084307	1084325
1084307	1084646
1086286	1084306
1089276	1084306
1089276	1086010
1089276	1089277
1084646	1084307
1084646	1084345
1084646	1086040
1084325	1084307
1084325	1084324
1084325	1084647
1084312	1084309
1084312	1084319
1084319	1084310
1084319	1084312
1084319	1084922
1084313	1084311
1084313	1084314
1084313	1084320
1084320	1084313
1084320	1084322
1084320	1084922
1084323	1084314
1084323	1084316
1084323	1084324
1087031	1084314
1087031	1084321
1084316	1084315
1084316	1084322
1084316	1084323
1084317	1084315
1084317	1084324
1084317	1084326
1084317	1089447
1084318	1084315
1084318	1084390
1084318	1085491
1084322	1084316
1084322	1084320
1084322	1087169
1084324	1084317
1084324	1084321
1084324	1084323
1084324	1084325
1084326	1084317
1084326	1089444
1084326	1089446
1089447	1084317
1084390	1084318
1084390	1084388
1084390	1089448
1085491	1084318
1085491	1085492
1085491	1089406
1084922	1084319
1084922	1084320
1084922	1087169
1087169	1084322
1087169	1084922
1084647	1084325
1084647	1084432
1084647	1089241
1089444	1084326
1089444	1089442
1089444	1089445
1089446	1084326
1084338	1084328
1084338	1084339
1084338	1084346
1084345	1084328
1084345	1084346
1084345	1084646
1084332	1084329
1084332	1084333
1084332	1084337
1084333	1084330
1084333	1084332
1084333	1084334
1084333	1084340
1084334	1084331
1084334	1084333
1084334	1084342
1084337	1084332
1084337	1084336
1084337	1084339
1084340	1084333
1084340	1084339
1084340	1084341
1084342	1084334
1084342	1084341
1084342	1084343
1084339	1084337
1084339	1084338
1084339	1084340
1084346	1084338
1084346	1084345
1084346	1084363
1084341	1084340
1084341	1084342
1084341	1089279
1089279	1084341
1084343	1084342
1084343	1084344
1084363	1084346
1084363	1084364
1084363	1084365
1084360	1084347
1084360	1084357
1084360	1084362
1086746	1084351
1084353	1084352
1084353	1084354
1084353	1084355
1084355	1084353
1084355	1084457
1084355	1084458
1084458	1084355
1084458	1084459
1084458	1084460
1084362	1084357
1084362	1084360
1084362	1084371
1084362	1084372
1084359	1084357
1084359	1084358
1084359	1084361
1084365	1084358
1084365	1084363
1084365	1089278
1084361	1084359
1084361	1089243
1084361	1089244
1089243	1084361
1089243	1084370
1089243	1089252
1089244	1084361
1084371	1084362
1084371	1084372
1084371	1084375
1084372	1084362
1084372	1084371
1084372	1084373
1084364	1084363
1084364	1084366
1084364	1084367
1084366	1084364
1084366	1084368
1084366	1089242
1084367	1084364
1084367	1084432
1084367	1089231
1089278	1084365
1084368	1084366
1084368	1084369
1084368	1084370
1089242	1084366
1084432	1084367
1084432	1084433
1084432	1084647
1089231	1084367
1084369	1084368
1084369	1084370
1084369	1084437
1084370	1084368
1084370	1084369
1084370	1084380
1084370	1089243
1084437	1084369
1084437	1089239
1084437	1090515
1084380	1084370
1084380	1084435
1084380	1084438
1084380	1089250
1084375	1084371
1084375	1084376
1084375	1084377
1084373	1084372
1084373	1084378
1084373	1089254
1084378	1084373
1084378	1084377
1084378	1084379
1089254	1084373
1088153	1084374
1084376	1084375
1084376	1089250
1084376	1089251
1089250	1084376
1089250	1084380
1089250	1089253
1089251	1084376
1084379	1084378
1084379	1084460
1084379	1089255
1084460	1084379
1084460	1084457
1084460	1084458
1084460	1084462
1089255	1084379
1084438	1084380
1084438	1084440
1084438	1084441
1084435	1084380
1084435	1084436
1084435	1084439
1084435	1089239
1084394	1084381
1084394	1085489
1084394	1089391
1084409	1084381
1084409	1084385
1084409	1084399
1084411	1084381
1084411	1084403
1084411	1089392
1084411	1089449
1084399	1084381
1084399	1084396
1084399	1084409
1086227	1084382
1086227	1084395
1086227	1086228
1089461	1084382
1089461	1089460
1084383	1084384
1084383	1084387
1084383	1089399
1084383	1089417
1084384	1084383
1084384	1089394
1084384	1089416
1084387	1084383
1084387	1085489
1084387	1089393
1089417	1084383
1089399	1084383
1089399	1089398
1089399	1089418
1089416	1084384
1084385	1084386
1084385	1084398
1084385	1084403
1084385	1084409
1084386	1084385
1084398	1084385
1084398	1084396
1084398	1084400
1084398	1084476
1084403	1084385
1084403	1084404
1084403	1084411
1084403	1084414
1085489	1084387
1085489	1084394
1085489	1084412
1085489	1085490
1089393	1084387
1084388	1084389
1084388	1084390
1084388	1084393
1084389	1084388
1084389	1089403
1084389	1089405
1084393	1084388
1084393	1084412
1084393	1089396
1089403	1084389
1089403	1089401
1089403	1089404
1089405	1084389
1089448	1084390
1084391	1084392
1084391	1084434
1084391	1089435
1084392	1084391
1084392	1086065
1084392	1089434
1084434	1084391
1084434	1084421
1084434	1084433
1089435	1084391
1089435	1089436
1089435	1089437
1086065	1084392
1089434	1084392
1084412	1084393
1084412	1084413
1084412	1085489
1089396	1084393
1089391	1084394
1084395	1084396
1084395	1084397
1084395	1086227
1084396	1084395
1084396	1084398
1084396	1084399
1084397	1084395
1084400	1084398
1084400	1084401
1084400	1084407
1084476	1084398
1084476	1084475
1084476	1086237
1084401	1084400
1084401	1084402
1084401	1089216
1084407	1084400
1084407	1084473
1084407	1084484
1084402	1084401
1084402	1084405
1084402	1084406
1089216	1084401
1089216	1084404
1089216	1089217
1084405	1084402
1084405	1089214
1084405	1089219
1084406	1084402
1084406	1084484
1084406	1084488
1084404	1084403
1084404	1089216
1084404	1089218
1084414	1084403
1084414	1084417
1084414	1084418
1084414	1089214
1089218	1084404
1089214	1084405
1089214	1084414
1089214	1089215
1089219	1084405
1084484	1084406
1084484	1084407
1084484	1084473
1084484	1084485
1084488	1084406
1084488	1084492
1084488	1086284
1084473	1084407
1084473	1084474
1084473	1084484
1090894	1084410
1090894	1090901
1090894	1090902
1090894	1090903
1089392	1084411
1089392	1084413
1089449	1084411
1089449	1089428
1089449	1089450
1084413	1084412
1084413	1089392
1084417	1084414
1084417	1089456
1084417	1089457
1084418	1084414
1084418	1084419
1084418	1084420
1084418	1084491
1084418	1090505
1084415	1084416
1084415	1084421
1084415	1084425
1084416	1084415
1084416	1089432
1084416	1089433
1084421	1084415
1084421	1084422
1084421	1084434
1084421	1089500
1084425	1084415
1084425	1084424
1084425	1089454
1089432	1084416
1089432	1089427
1089432	1089453
1089433	1084416
1089456	1084417
1089456	1084424
1089456	1089458
1089457	1084417
1084419	1084418
1084419	1086033
1084419	1089455
1084420	1084418
1084420	1084426
1084420	1084470
1084420	1084490
1084420	1089211
1084491	1084418
1084491	1086284
1084491	1090504
1090505	1084418
1086033	1084419
1086033	1086034
1086033	1086035
1089455	1084419
1084426	1084420
1084426	1084422
1084426	1084429
1084490	1084420
1084490	1084489
1084490	1084502
1084422	1084421
1084422	1084423
1084422	1084426
1089500	1084421
1089500	1089531
1089500	1089532
1084423	1084422
1084424	1084425
1084424	1086034
1084424	1089456
1086034	1084424
1086034	1086033
1086034	1089459
1089454	1084425
1084429	1084426
1084429	1084516
1084429	1084517
1084429	1088482
1084428	1084427
1084428	1086028
1084428	1086029
1086028	1084428
1086028	1089565
1086028	1089566
1086029	1084428
1084516	1084429
1084516	1084518
1084516	1088486
1084517	1084429
1084517	1084470
1084517	1088496
1088482	1084429
1088482	1088483
1088482	1089565
1084430	1084431
1084430	1084623
1084430	1089141
1084431	1084430
1089141	1084430
1084433	1084432
1084433	1084434
1084433	1089438
1089438	1084433
1089438	1089439
1089438	1089442
1084436	1084435
1084436	1089550
1084436	1089552
1084439	1084435
1084439	1084442
1084439	1089245
1089239	1084435
1089239	1084437
1089239	1089240
1089550	1084436
1089550	1089548
1089550	1089551
1089552	1084436
1090515	1084437
1084440	1084438
1084440	1084446
1084440	1089249
1084441	1084438
1084441	1089247
1084441	1090518
1084442	1084439
1084442	1084443
1084442	1084444
1089245	1084439
1089245	1089246
1089245	1089247
1084446	1084440
1084446	1084445
1084446	1084464
1089249	1084440
1089247	1084441
1089247	1089245
1089247	1089248
1090518	1084441
1084444	1084442
1084444	1086016
1084444	1089553
1089227	1084443
1086016	1084444
1086016	1086017
1086016	1089568
1089553	1084444
1084447	1084445
1084447	1089577
1084447	1089579
1089577	1084447
1089577	1089574
1089577	1089578
1089579	1084447
1084448	1084449
1084448	1084450
1084448	1084451
1084449	1084448
1084450	1084448
1084450	1084465
1084450	1084765
1084451	1084448
1084451	1084452
1084451	1084454
1084465	1084450
1084465	1084454
1084465	1084466
1084765	1084450
1084452	1084451
1084452	1084453
1084452	1089574
1084454	1084451
1084454	1084456
1084454	1084465
1084453	1084452
1084453	1084455
1084453	1084456
1089574	1084452
1089574	1089576
1089574	1089577
1084456	1084453
1084456	1084454
1084456	1084464
1089575	1084455
1084459	1084458
1086314	1084463
1084466	1084465
1084467	1084468
1084467	1084469
1084467	1084596
1084596	1084467
1084596	1084595
1084596	1089306
1089303	1084468
1089303	1089304
1089303	1089305
1089320	1084469
1084518	1084470
1084518	1084510
1084518	1084516
1084518	1084533
1084518	1084534
1084471	1084472
1084471	1084477
1084471	1084478
1084472	1084471
1084477	1084471
1084477	1084475
1084477	1089463
1084474	1084473
1084474	1084485
1084474	1084924
1084924	1084474
1084924	1084925
1084924	1086287
1084485	1084474
1084485	1084482
1084485	1084484
1084475	1084476
1084475	1084477
1084475	1084479
1084475	1084925
1084479	1084475
1084479	1084478
1084479	1084496
1084925	1084475
1084925	1084924
1084925	1086235
1086237	1084476
1086237	1086235
1089463	1084477
1084480	1084481
1084481	1084480
1084481	1084486
1084481	1086283
1084486	1084481
1084486	1084487
1084486	1084489
1086283	1084481
1084482	1084483
1084482	1084485
1084482	1084487
1084483	1084482
1084483	1086287
1084483	1086288
1084487	1084482
1084487	1084486
1084487	1086291
1086287	1084483
1086287	1084924
1086287	1086290
1086288	1084483
1086288	1086290
1086288	1086291
1084489	1084486
1084489	1084490
1084489	1084500
1086291	1084487
1086291	1086288
1084492	1084488
1086284	1084488
1086284	1084491
1086284	1086285
1084500	1084489
1084500	1084494
1084500	1084499
1084502	1084490
1084502	1084503
1084502	1089213
1090504	1084491
1084494	1084493
1084494	1084495
1084494	1084500
1084501	1084493
1084501	1084514
1084501	1084557
1084501	1089181
1084495	1084494
1084495	1084503
1084495	1089212
1089212	1084495
1084499	1084497
1084499	1084500
1084499	1089226
1084558	1084498
1089226	1084499
1084514	1084501
1084514	1084513
1084514	1084515
1084514	1089206
1089181	1084501
1089181	1089180
1089181	1090506
1089213	1084502
1084505	1084504
1084505	1084506
1084505	1084509
1084509	1084505
1084509	1084507
1084509	1084511
1089208	1084506
1084508	1084507
1084508	1084510
1084508	1084512
1084510	1084508
1084510	1084518
1084510	1084534
1084510	1089211
1084512	1084508
1084512	1089204
1084512	1089205
1084511	1084509
1084534	1084510
1084534	1084518
1084534	1084537
1084534	1089210
1089204	1084512
1089204	1089206
1089204	1089207
1089205	1084512
1084513	1084514
1084513	1084537
1084513	1084539
1084513	1084559
1084537	1084513
1084537	1084534
1084537	1084538
1084559	1084513
1084559	1084560
1084559	1084581
1084539	1084513
1084539	1084536
1084539	1089209
1084515	1084514
1084515	1088480
1084515	1088481
1089206	1084514
1089206	1089204
1089206	1090508
1088480	1084515
1088480	1084576
1088480	1089192
1088481	1084515
1088486	1084516
1088496	1084517
1084533	1084518
1084533	1084535
1084533	1084536
1084533	1089209
1086027	1084519
1086027	1088487
1086027	1088488
1084520	1084521
1084520	1084522
1084521	1084520
1084521	1084526
1084521	1084528
1084521	1084532
1084522	1084520
1084522	1084762
1084526	1084521
1084526	1084527
1084526	1084528
1084528	1084521
1084528	1084526
1084528	1084529
1084528	1084587
1084532	1084521
1084532	1088502
1084532	1088503
1084523	1084524
1084523	1084525
1084523	1088504
1084524	1084523
1084524	1084762
1084525	1084523
1084525	1084594
1084525	1084597
1088504	1084523
1088504	1088502
1088504	1090519
1084597	1084525
1084597	1084548
1084597	1084602
1084527	1084526
1084527	1088497
1084527	1088498
1088498	1084527
1084529	1084528
1084529	1084543
1084529	1084587
1084529	1086041
1084587	1084528
1084587	1084529
1084587	1084531
1084543	1084529
1084543	1084540
1084543	1084544
1084543	1086025
1086041	1084529
1084530	1084531
1084530	1084549
1084530	1084550
1084531	1084530
1084531	1084587
1084531	1086309
1084550	1084530
1084550	1084552
1084550	1084603
1084549	1084530
1084549	1084548
1084549	1084601
1086309	1084531
1088502	1084532
1088502	1088504
1088502	1088505
1088503	1084532
1084535	1084533
1084535	1088494
1084535	1088501
1084536	1084533
1084536	1084539
1084536	1084541
1084536	1086587
1089209	1084533
1089209	1084538
1089209	1084539
1089209	1089210
1089210	1084534
1089210	1084538
1089210	1089209
1089210	1090325
1088494	1084535
1088494	1084540
1088494	1088495
1088501	1084535
1088501	1086587
1086587	1084536
1086587	1084541
1086587	1088501
1084541	1084536
1084541	1084540
1084541	1086587
1084538	1084537
1084538	1089209
1084538	1089210
1084540	1084541
1084540	1084542
1084540	1084543
1084540	1088494
1084542	1084540
1084542	1084545
1084542	1084572
1084542	1088476
1084572	1084542
1084572	1084573
1084572	1084578
1088476	1084542
1084545	1084542
1084545	1084544
1084545	1084546
1084545	1084573
1084544	1084543
1084544	1084545
1084544	1088507
1086025	1084543
1086025	1086024
1086025	1086032
1088507	1084544
1088507	1084551
1088507	1088508
1084546	1084545
1084546	1088514
1084546	1088516
1084573	1084545
1084573	1084572
1084573	1084578
1088514	1084546
1088514	1088508
1088514	1088515
1088516	1084546
1088490	1084547
1088490	1088491
1088490	1088492
1088500	1084547
1090514	1084547
1084548	1084549
1084548	1084597
1084548	1084601
1084601	1084548
1084601	1084549
1084601	1084603
1084603	1084550
1084603	1084600
1084603	1084601
1084552	1084550
1084552	1084551
1084552	1084605
1084551	1084552
1084551	1084553
1084551	1084554
1084551	1088507
1084553	1084551
1084553	1084554
1084553	1084607
1084554	1084551
1084554	1084553
1084554	1084555
1084605	1084552
1084605	1084604
1084605	1084608
1084607	1084553
1084607	1084608
1084607	1088524
1084555	1084554
1084555	1084556
1084555	1088510
1084556	1084555
1084556	1084584
1084556	1084586
1088510	1084555
1088510	1088511
1088510	1088512
1088510	1088519
1084586	1084556
1084586	1084609
1084586	1084610
1084584	1084556
1084584	1084585
1084584	1084588
1084565	1084557
1084565	1084564
1084565	1084566
1084560	1084559
1084560	1084576
1084560	1090509
1084581	1084559
1084581	1088477
1084581	1088478
1084576	1084560
1084576	1084577
1084576	1088480
1090509	1084560
1084561	1084562
1084561	1084579
1084561	1088477
1084562	1084561
1084562	1088469
1084562	1088470
1084579	1084561
1084579	1088471
1084579	1088472
1088477	1084561
1088477	1084581
1088477	1088479
1088469	1084562
1088470	1084562
1084566	1084565
1084566	1086305
1084566	1086306
1086305	1084566
1086305	1084567
1086305	1089176
1086306	1084566
1084567	1084568
1084567	1084569
1084567	1086305
1084568	1084567
1084568	1084570
1084568	1084571
1084569	1084567
1084570	1084568
1084570	1089182
1084570	1089184
1084571	1084568
1084571	1084574
1084571	1090507
1089184	1084570
1089184	1089180
1089184	1089185
1089182	1084570
1089182	1089180
1089182	1089183
1084574	1084571
1084574	1084575
1084574	1088474
1090507	1084571
1084578	1084572
1084578	1084573
1084578	1084580
1084578	1084582
1088474	1084574
1088474	1088475
1088474	1089189
1084577	1084576
1084577	1089186
1084577	1090510
1089186	1084577
1089186	1089187
1089186	1089188
1090510	1084577
1084580	1084578
1084580	1088512
1084580	1088518
1084582	1084578
1084582	1084583
1084582	1084592
1088472	1084579
1088512	1084580
1088512	1088510
1088512	1088513
1088518	1084580
1088518	1088517
1088478	1084581
1084583	1084582
1084583	1084589
1084583	1084590
1084589	1084583
1084589	1084591
1084589	1088517
1084590	1084583
1084585	1084584
1084588	1084584
1084588	1088517
1084588	1088522
1088517	1084588
1088517	1084589
1088517	1088518
1088522	1084588
1088520	1084591
1084595	1084594
1084595	1084596
1084595	1084599
1084598	1084594
1084598	1084599
1084598	1084600
1084599	1084595
1084599	1084598
1084599	1089307
1089306	1084596
1084602	1084597
1084600	1084598
1084600	1084603
1084600	1084604
1089307	1084599
1084604	1084600
1084604	1084605
1084604	1084606
1084606	1084604
1084606	1084608
1084606	1084609
1084608	1084605
1084608	1084606
1084608	1084607
1088524	1084607
1088523	1084610
1084613	1084612
1084618	1084614
1084624	1084623
1089959	1084626
1084632	1084631
1087214	1084635
1087214	1087074
1089160	1084639
1089680	1084644
1089680	1089678
1086040	1084646
1089241	1084647
1084652	1084651
1084653	1084654
1084653	1084658
1084654	1084653
1084654	1084657
1084654	1084958
1084657	1084654
1084930	1084658
1084930	1084929
1084930	1084931
1086728	1084659
1086728	1086711
1086728	1087244
1086731	1084659
1084662	1084661
1087871	1084664
1088121	1084669
1084673	1084672
1084673	1084839
1084673	1088129
1088129	1084673
1084678	1084677
1090876	1084677
1088413	1084679
1084683	1084682
1084683	1084684
1084683	1084837
1084684	1084683
1084684	1084685
1084684	1084686
1084685	1084684
1084686	1084684
1084688	1084687
1084688	1084763
1084688	1087892
1087892	1084688
1084692	1084691
1084692	1087938
1087938	1084692
1090318	1084695
1090318	1090319
1090318	1090320
1088349	1084696
1088349	1088350
1088349	1088351
1090700	1084701
1084704	1084703
1084710	1084711
1084710	1090623
1084710	1090628
1084711	1084710
1090623	1084710
1090623	1090624
1090623	1090628
1084714	1084713
1084778	1084713
1090048	1084716
1090048	1090049
1084719	1084718
1088859	1084718
1088859	1088858
1088859	1090729
1088859	1090730
1087590	1084727
1084730	1084729
1086833	1084731
1086833	1086834
1086833	1086837
1084740	1084739
1086514	1084739
1084819	1084743
1084819	1084820
1088778	1084750
1086535	1084753
1086535	1086536
1086698	1084767
1085116	1084769
1087002	1084771
1090180	1084773
1090181	1084773
1084780	1084774
1084780	1084781
1084780	1085659
1084776	1084775
1084783	1084782
1084783	1087887
1084783	1088288
1088288	1084783
1089064	1084787
1089064	1089062
1089064	1089065
1084865	1084793
1084865	1084923
1084795	1084794
1084795	1085365
1084795	1085366
1090908	1084794
1090916	1084796
1085266	1084803
1084805	1084804
1085273	1084811
1084815	1084816
1084815	1085000
1084815	1085554
1085000	1084815
1085554	1084815
1090801	1084816
1086141	1084821
1086522	1084827
1084829	1084828
1084829	1089084
1084829	1089085
1086349	1084830
1084840	1084839
1084840	1088122
1084840	1088123
1088123	1084840
1088123	1088124
1088123	1088125
1084842	1084841
1088905	1084849
1087486	1084851
1085754	1084863
1084923	1084865
1084871	1084872
1084871	1087092
1084877	1084876
1084877	1084880
1084877	1090425
1084878	1084876
1084878	1084879
1084878	1084880
1084880	1084877
1084880	1084878
1084880	1084881
1090425	1084877
1084881	1084880
1084885	1084883
1084885	1084884
1084885	1084887
1084890	1084889
1084899	1084897
1084902	1084903
1084902	1085915
1084902	1085981
1084903	1084902
1085915	1084902
1085915	1085916
1085915	1087205
1084904	1084905
1084904	1084907
1084904	1086457
1084905	1084904
1084905	1085956
1084905	1085957
1084907	1084904
1084907	1085959
1084907	1085966
1086457	1084904
1086457	1085959
1086457	1086861
1085957	1084905
1085957	1085962
1085959	1084907
1085959	1086457
1085959	1086861
1085919	1084912
1085868	1084913
1085868	1084914
1086551	1084914
1088204	1084915
1086003	1084920
1086003	1085995
1086235	1084925
1086235	1086236
1086235	1086237
1086235	1086238
1084931	1084930
1087994	1084933
1086898	1084944
1086898	1086897
1088043	1084946
1086502	1084947
1084953	1084948
1084953	1087303
1087303	1084953
1086478	1084954
1086479	1084954
1086479	1084971
1086479	1086480
1090410	1084959
1084961	1084960
1084961	1086458
1084961	1086459
1084963	1084960
1084963	1084962
1084963	1084965
1086458	1084961
1084965	1084962
1084965	1084963
1084965	1084964
1084968	1084967
1084970	1084969
1084975	1084974
1084975	1086511
1090135	1084978
1090135	1090134
1090135	1090136
1084983	1084982
1084983	1086480
1084987	1084986
1084990	1084989
1087034	1084994
1084998	1084997
1085003	1084999
1085007	1085001
1090182	1085004
1085225	1085008
1085011	1085009
1085013	1085012
1085015	1085014
1085015	1085018
1086446	1085023
1090226	1085027
1090226	1085989
1090226	1090228
1090223	1085028
1090224	1085028
1085036	1085035
1085036	1085377
1085036	1085381
1085036	1086917
1085377	1085035
1085377	1085036
1085377	1085380
1085040	1085035
1085040	1085039
1085040	1086922
1085381	1085036
1085381	1085378
1085381	1085380
1085381	1086920
1086917	1085036
1086917	1086918
1086917	1086920
1086917	1086922
1089049	1085037
1086471	1085038
1086471	1086472
1086471	1086473
1086921	1085039
1086921	1086922
1086921	1086923
1086922	1085040
1086922	1086917
1086922	1086921
1086922	1086927
1086778	1085050
1085054	1085053
1085054	1085055
1086355	1085060
1086355	1086353
1085068	1085064
1085068	1085066
1085068	1085069
1085300	1085064
1085300	1085071
1085069	1085068
1085069	1085070
1090033	1085072
1090033	1090031
1090033	1090034
1086835	1085076
1087443	1085077
1087564	1085077
1087613	1085079
1087613	1087392
1087613	1087614
1087684	1085079
1085192	1085081
1085192	1085191
1085192	1085194
1085418	1085085
1085418	1085419
1085418	1086481
1086748	1085085
1085089	1085088
1090219	1085090
1088771	1085093
1088771	1088773
1088771	1088774
1088772	1085093
1085098	1085097
1085098	1089778
1085104	1085105
1085104	1085106
1085104	1086243
1085105	1085104
1085105	1089785
1085105	1090089
1085106	1085104
1085106	1085107
1085106	1085108
1086243	1085104
1086243	1086242
1086243	1089788
1090089	1085105
1085107	1085106
1085108	1085106
1085111	1085109
1085521	1085110
1085113	1085112
1085118	1085119
1085118	1087412
1085118	1090550
1087412	1085118
1087412	1087413
1087412	1087417
1090550	1085118
1090550	1090551
1090550	1090552
1085120	1085121
1085120	1086139
1085120	1086571
1085121	1085120
1085128	1085126
1086521	1085132
1085135	1085133
1085135	1085136
1085135	1085137
1085135	1085140
1085177	1085134
1085137	1085135
1085137	1085139
1085137	1085141
1085136	1085135
1085140	1085135
1085141	1085137
1085141	1085139
1085139	1085137
1085139	1085138
1085139	1085141
1090418	1085144
1085150	1085146
1085150	1085149
1085150	1085151
1085152	1085148
1085151	1085150
1085155	1085154
1085155	1085156
1085162	1085159
1090119	1085160
1090119	1085161
1090119	1090120
1085164	1085163
1085167	1085166
1085171	1085170
1085175	1085174
1089057	1085178
1085182	1085180
1085183	1085180
1085185	1085184
1085188	1085187
1085189	1085187
1085194	1085192
1085201	1085199
1090253	1085208
1085211	1085210
1085212	1085210
1085214	1085213
1085214	1085219
1085214	1085220
1085215	1085213
1085215	1085216
1085215	1085217
1085219	1085214
1085220	1085214
1085216	1085215
1085217	1085215
1090267	1085224
1085230	1085226
1085230	1085231
1085230	1085232
1085229	1085227
1085232	1085230
1086414	1085233
1085236	1085235
1085237	1085238
1085237	1085239
1085237	1085240
1085238	1085237
1085239	1085237
1085243	1085244
1085243	1085256
1085243	1086423
1085244	1085243
1085244	1086423
1085256	1085243
1085256	1085255
1085256	1090427
1085248	1085245
1085247	1085245
1085247	1085246
1085247	1086523
1085246	1085247
1086523	1085247
1085250	1085249
1085254	1085253
1085258	1085255
1085258	1085261
1085258	1085263
1090427	1085256
1085263	1085258
1085263	1085261
1085263	1086420
1085261	1085258
1085261	1085262
1085261	1085263
1085260	1085259
1085260	1085262
1085262	1085260
1085262	1085261
1085262	1086420
1086420	1085262
1086420	1085263
1086420	1086421
1085288	1085274
1085288	1085287
1085288	1085290
1086525	1085279
1086525	1085286
1085284	1085281
1085285	1085281
1085285	1085446
1085285	1085448
1085446	1085285
1085293	1085292
1085303	1085301
1090542	1085307
1090005	1085312
1085316	1085314
1085316	1085318
1085316	1086505
1085317	1085314
1085318	1085316
1085318	1085319
1085318	1085320
1086505	1085316
1085319	1085318
1085320	1085318
1085320	1085324
1085320	1085343
1085324	1085320
1085343	1085320
1085322	1085321
1085323	1085321
1085328	1085327
1085329	1085327
1085329	1085330
1085329	1090010
1085330	1085329
1090010	1085329
1090010	1090011
1090010	1090012
1085334	1085335
1085339	1085336
1085337	1085338
1090412	1085338
1085342	1085341
1090768	1085345
1090778	1085346
1085347	1085348
1085351	1085350
1085352	1085350
1087440	1085358
1089862	1085360
1090904	1085365
1090907	1085366
1090910	1085367
1087444	1085368
1090895	1085369
1090896	1085370
1085374	1085373
1085380	1085377
1085380	1085378
1085380	1085381
1085379	1085378
1085379	1086916
1085379	1086928
1086916	1085379
1086916	1086929
1086928	1085379
1086928	1086919
1086928	1086929
1086920	1085381
1086920	1086917
1086920	1086918
1085385	1085384
1085388	1085386
1085388	1085389
1085388	1085390
1085391	1085389
1085391	1085390
1085395	1085394
1085395	1085396
1085396	1085395
1085398	1085397
1085401	1085400
1085402	1085400
1085402	1085403
1085403	1085402
1085403	1085404
1085404	1085403
1085404	1086533
1086533	1085404
1086623	1085405
1085416	1085415
1085417	1085415
1085426	1085427
1085426	1085428
1085428	1085426
1085516	1085429
1085517	1085429
1085436	1085433
1085436	1085437
1085436	1085439
1085437	1085434
1085437	1085436
1085437	1085438
1085439	1085436
1085439	1085440
1085439	1086536
1085438	1085437
1085440	1085439
1085440	1085451
1085440	1086959
1086536	1085439
1086536	1086535
1086536	1086960
1085451	1085440
1085451	1085452
1085451	1085454
1086959	1085440
1085441	1085442
1085441	1085443
1085441	1085452
1085442	1085441
1085442	1085445
1085442	1087142
1085442	1087143
1085443	1085441
1085443	1087138
1085443	1087142
1085452	1085441
1085452	1085451
1085452	1086537
1085445	1085442
1085445	1085444
1085445	1085447
1087142	1085442
1087142	1085443
1087143	1085442
1087138	1085443
1087138	1085444
1087138	1087139
1085444	1085445
1085444	1085447
1085444	1087138
1085447	1085444
1085447	1085445
1085447	1087141
1087141	1085447
1085455	1085448
1085449	1085450
1085449	1085453
1085449	1085459
1085450	1085449
1085450	1085458
1085450	1087139
1085453	1085449
1085453	1086539
1085453	1086958
1085459	1085449
1085459	1085460
1085459	1086957
1085458	1085450
1087139	1085450
1087139	1087138
1087139	1087140
1085454	1085451
1085454	1086957
1085454	1086960
1086537	1085452
1086539	1085453
1086958	1085453
1086958	1086957
1086957	1085454
1086957	1085459
1086957	1086958
1086960	1085454
1086960	1086536
1086960	1086961
1085503	1085457
1085460	1085459
1085460	1086538
1086538	1085460
1086538	1086963
1085476	1085461
1085476	1085473
1085475	1085461
1085475	1085474
1085463	1085462
1085463	1085464
1085463	1085465
1086541	1085462
1085464	1085463
1085464	1085469
1085464	1086540
1085465	1085463
1085465	1085466
1086540	1085464
1086540	1085470
1086540	1085471
1085469	1085464
1085469	1085468
1085466	1085465
1085466	1085467
1085466	1085468
1085467	1085466
1085467	1085471
1085468	1085466
1085468	1085469
1085468	1085470
1085470	1085468
1085470	1086540
1085474	1085473
1085474	1085475
1085479	1085477
1085479	1085480
1085479	1085481
1085480	1085477
1085480	1085479
1085480	1085482
1085481	1085479
1085482	1085480
1090482	1085484
1086081	1085486
1086081	1086082
1086081	1086083
1085490	1085489
1085490	1089397
1089397	1085490
1085492	1085491
1085494	1085493
1085497	1085496
1085507	1085508
1085507	1085509
1085507	1085510
1085508	1085507
1085513	1085510
1085512	1085511
1085520	1085519
1085520	1089776
1085520	1089777
1089776	1085520
1089777	1085520
1089724	1085523
1089727	1085526
1085530	1085528
1089723	1085532
1089725	1085533
1089726	1085533
1089781	1085534
1088745	1085546
1090819	1085546
1085548	1085547
1085548	1085549
1085548	1085550
1085549	1085548
1085550	1085548
1085551	1085552
1085553	1085552
1085556	1085555
1085556	1085559
1085556	1085560
1085559	1085556
1085560	1085556
1085558	1085557
1085565	1085563
1087311	1085564
1085566	1085567
1090800	1085568
1085570	1085569
1088727	1085571
1085574	1085575
1085575	1085574
1085575	1085577
1088562	1085576
1085578	1085577
1085578	1090822
1090822	1085577
1090822	1085578
1085581	1085580
1085581	1088721
1088721	1085581
1089844	1085595
1085596	1085597
1085597	1085596
1085597	1085598
1085597	1085599
1085599	1085597
1085601	1085598
1085601	1085600
1085601	1085602
1085600	1085601
1085602	1085601
1085613	1085612
1085618	1085617
1085620	1085619
1085620	1089847
1085620	1089849
1089846	1085619
1089847	1085619
1089847	1085620
1089847	1089848
1089849	1085620
1085622	1085621
1085623	1085621
1085634	1085633
1085636	1085635
1085638	1085637
1089917	1085640
1089918	1085640
1085648	1085645
1085648	1085647
1085648	1085656
1085647	1085648
1085656	1085648
1085649	1085650
1085649	1085703
1085649	1085705
1085650	1085649
1085705	1085649
1085705	1085703
1085660	1085657
1085660	1085661
1085661	1085660
1085666	1085665
1085669	1085668
1085669	1085670
1085670	1085669
1085670	1085671
1085671	1085670
1085671	1085672
1085671	1085681
1085671	1085682
1085672	1085671
1085672	1085675
1085672	1085677
1085672	1085681
1085682	1085671
1085681	1085671
1085681	1085672
1085681	1085683
1085675	1085672
1085675	1085676
1085675	1085678
1085675	1085679
1085677	1085672
1085677	1085673
1085677	1085679
1085676	1085675
1085676	1085679
1085676	1085680
1085678	1085675
1085678	1085683
1085679	1085675
1085679	1085676
1085679	1085677
1085680	1085676
1085683	1085678
1085683	1085681
1085683	1085684
1085684	1085683
1085693	1085685
1085687	1085685
1085687	1085686
1085687	1085689
1085687	1085691
1085686	1085687
1085689	1085687
1085689	1085688
1085689	1085690
1085691	1085687
1085691	1085690
1085691	1085695
1085692	1085688
1085692	1085690
1085692	1085694
1085695	1085691
1085694	1085692
1085699	1085698
1085701	1085700
1085702	1085700
1085707	1085706
1085707	1085708
1085708	1085707
1085715	1085710
1085715	1085712
1085715	1085714
1085712	1085713
1085712	1085714
1085712	1085715
1085713	1085712
1085714	1085712
1085714	1085715
1085714	1087177
1085717	1085716
1085717	1085723
1085717	1086547
1085718	1085716
1085723	1085717
1085723	1085721
1085723	1086547
1086547	1085717
1086547	1085723
1085722	1085721
1085726	1085725
1085726	1085728
1085726	1085729
1085729	1085726
1090411	1085727
1085730	1085728
1085738	1085731
1085733	1085732
1085733	1085734
1085734	1085733
1085736	1085735
1085737	1085735
1085737	1087235
1085737	1087236
1087235	1085737
1087236	1085737
1085742	1085741
1085744	1085743
1085749	1085745
1085749	1085751
1085748	1085747
1085751	1085749
1085751	1085750
1085756	1085755
1085756	1085757
1085757	1085756
1086723	1085759
1085761	1085760
1085763	1085762
1085766	1085765
1085766	1086719
1085770	1085769
1085772	1085771
1085777	1085775
1086007	1085776
1087411	1085779
1087801	1085782
1085785	1085784
1085785	1088262
1085785	1088263
1088262	1085785
1088263	1085785
1087041	1085787
1085798	1085787
1085798	1085797
1085798	1087410
1085789	1085788
1085790	1085788
1085793	1085791
1085793	1085795
1085793	1085796
1085793	1088251
1085794	1085791
1085795	1085793
1085796	1085793
1088251	1085793
1085858	1085797
1087410	1085798
1085801	1085800
1087179	1085802
1090614	1085803
1085805	1085804
1085809	1085808
1085811	1085810
1088749	1085812
1085815	1085814
1088747	1085817
1088750	1085818
1085825	1085822
1085826	1085824
1085828	1085827
1085829	1085827
1085829	1085830
1085829	1089379
1085830	1085829
1089379	1085829
1089379	1089380
1089379	1089381
1085834	1085833
1085834	1085836
1085834	1090618
1085835	1085833
1085836	1085834
1085836	1085837
1085836	1085838
1090618	1085834
1085837	1085836
1085837	1085839
1085837	1089470
1085838	1085836
1085839	1085837
1085839	1085840
1085839	1085841
1089470	1085837
1085840	1085839
1085840	1086550
1085840	1089469
1085841	1085839
1089469	1085840
1085843	1085842
1085843	1086550
1089486	1085846
1085851	1085850
1085852	1085850
1085852	1085853
1085852	1089385
1085853	1085852
1089385	1085852
1089385	1089386
1089385	1089387
1089479	1085857
1085859	1085863
1085863	1085859
1085863	1085861
1085863	1085864
1085864	1085861
1085864	1085863
1085864	1085865
1085865	1085864
1086552	1085869
1089675	1085872
1089676	1085872
1085875	1085873
1085880	1085881
1085880	1085882
1085880	1089601
1085882	1085880
1089601	1085880
1089601	1089602
1089601	1089604
1089600	1085881
1085884	1085883
1085884	1085885
1085884	1085886
1085885	1085884
1085886	1085884
1085888	1085887
1085888	1085890
1085888	1085891
1085889	1085887
1085891	1085888
1088201	1085890
1088205	1085892
1088205	1088199
1088205	1088207
1088206	1085892
1088209	1085893
1085895	1085894
1088143	1085899
1088143	1088144
1088143	1088145
1085903	1085902
1085903	1085904
1085903	1085905
1085904	1085903
1085905	1085903
1088213	1085907
1088213	1085908
1088213	1088215
1088214	1085908
1085910	1085909
1085911	1085909
1085914	1085913
1085916	1085915
1087189	1085917
1087189	1085918
1087193	1085920
1087194	1085920
1090067	1085922
1085971	1085924
1085971	1085970
1085971	1085976
1085970	1085924
1085970	1085971
1085970	1085976
1085926	1085925
1085927	1085925
1085936	1085935
1085937	1085935
1085938	1085939
1085940	1085939
1085945	1085944
1085945	1085947
1085945	1086556
1086556	1085945
1086556	1085949
1085947	1085945
1085947	1085946
1085949	1085948
1085949	1086555
1085949	1086556
1085954	1085955
1085954	1086894
1085954	1087128
1085955	1085954
1085955	1086897
1086897	1085955
1086897	1086898
1085962	1085957
1085962	1085960
1086861	1085959
1086861	1085960
1086861	1086457
1085960	1085961
1085960	1085962
1085960	1086861
1085961	1085960
1087198	1085963
1086067	1085966
1086067	1086862
1085968	1085967
1085969	1085967
1085976	1085970
1085976	1085971
1085976	1085977
1085977	1085976
1087192	1085978
1086899	1085983
1085986	1085985
1085993	1085992
1085998	1085997
1086558	1085997
1089048	1086004
1086008	1086009
1086008	1086010
1086008	1086012
1086010	1086008
1086010	1086011
1086010	1089276
1086012	1086008
1086012	1086013
1086013	1086009
1086013	1086012
1086011	1086010
1086011	1090516
1086011	1090517
1090516	1086011
1090517	1086011
1086017	1086016
1086017	1089554
1086017	1089555
1089568	1086016
1089554	1086017
1089554	1089556
1089554	1089557
1089555	1086017
1089580	1086018
1089581	1086018
1086019	1086020
1086019	1086021
1086019	1089571
1086020	1086019
1086021	1086019
1086021	1086022
1086021	1086023
1089571	1086019
1089571	1089569
1086022	1086021
1086023	1086021
1086023	1089556
1086023	1089573
1089573	1086023
1086024	1086025
1086024	1086026
1086024	1088491
1086026	1086024
1088491	1086024
1088491	1088490
1088491	1088493
1086032	1086025
1088487	1086027
1088488	1086027
1089565	1086028
1089565	1088482
1089565	1089567
1089566	1086028
1086035	1086033
1089459	1086034
1086042	1086036
1086043	1086036
1086048	1086038
1086054	1086044
1086054	1086046
1086054	1086076
1086053	1086052
1086076	1086054
1086056	1086055
1086056	1086057
1086056	1086058
1086057	1086056
1086058	1086056
1086467	1086060
1086467	1086464
1086467	1086466
1086064	1086063
1086862	1086067
1086069	1086068
1086070	1086068
1086073	1086071
1086073	1086072
1086073	1086562
1086074	1086071
1086072	1086073
1086562	1086073
1086078	1086077
1086079	1086077
1086080	1086077
1086082	1086081
1089980	1086083
1086089	1086090
1086089	1086091
1086089	1089977
1086091	1086089
1089977	1086089
1089977	1089975
1089977	1089979
1087026	1086092
1087027	1086092
1086559	1086093
1087028	1086095
1087028	1086109
1087028	1086114
1090917	1086098
1086108	1086107
1090238	1086109
1090238	1090239
1090238	1090240
1090373	1086111
1090375	1086111
1086563	1086112
1086115	1086116
1086117	1086116
1089894	1086118
1089894	1086119
1089894	1086145
1089896	1086119
1089897	1086119
1086123	1086122
1086123	1089710
1086123	1089711
1089710	1086123
1089711	1086123
1086125	1086124
1086125	1089708
1086125	1089709
1089708	1086125
1089709	1086125
1087559	1086128
1087559	1087558
1089712	1086129
1089713	1086129
1086133	1086132
1086135	1086134
1086136	1086134
1086174	1086143
1089895	1086145
1086146	1086147
1086146	1086148
1086146	1086149
1086148	1086146
1086150	1086147
1086158	1086157
1086163	1086162
1086165	1086164
1086169	1086167
1086169	1089901
1086169	1089902
1086170	1086167
1089901	1086169
1089902	1086169
1086173	1086172
1089879	1086176
1089879	1086182
1089879	1089881
1089880	1086176
1086178	1086177
1086178	1086179
1086178	1086572
1086179	1086177
1086179	1086178
1086572	1086178
1086181	1086180
1086183	1086182
1086183	1086184
1086183	1086185
1086184	1086183
1086185	1086183
1086187	1086186
1086187	1086188
1086187	1086189
1086188	1086187
1086189	1086187
1089888	1086190
1089889	1086190
1086194	1086193
1086195	1086193
1086200	1086196
1086198	1086197
1086199	1086197
1086199	1089769
1089769	1086199
1086202	1086201
1086206	1086204
1086208	1086207
1086577	1086210
1089797	1086216
1089797	1089787
1089798	1086216
1086218	1086219
1086218	1086220
1086218	1089811
1086219	1086218
1086219	1086240
1086219	1089803
1086220	1086218
1086240	1086219
1086240	1086241
1086240	1089802
1089803	1086219
1089420	1086221
1089420	1089421
1089423	1086222
1089421	1086222
1089421	1089420
1089421	1089422
1086226	1086225
1086226	1089806
1086226	1089807
1089806	1086226
1089807	1086226
1086228	1086227
1086228	1086229
1086228	1086230
1086228	1086231
1086229	1086228
1086229	1089460
1086230	1086228
1086231	1086228
1089460	1086229
1089460	1089461
1089460	1089462
1086234	1086232
1089425	1086233
1086236	1086235
1086238	1086235
1086241	1086239
1086241	1086240
1086241	1089800
1089801	1086239
1089802	1086240
1089800	1086241
1086244	1086242
1086244	1086573
1089788	1086243
1089788	1089789
1089788	1089790
1086573	1086244
1089799	1086245
1086247	1086248
1086247	1089751
1086247	1089753
1086248	1086247
1089751	1086247
1089751	1089752
1089751	1089754
1089753	1086247
1086251	1086252
1086251	1086253
1086251	1089759
1086252	1086251
1086252	1089762
1086252	1089763
1086253	1086251
1089759	1086251
1089759	1086994
1089759	1089761
1089762	1086252
1089762	1089764
1089762	1089765
1089763	1086252
1086256	1086255
1090501	1086259
1090501	1090362
1086574	1086262
1086574	1086575
1086574	1089109
1090326	1086265
1090326	1090327
1090326	1090479
1086267	1086266
1086267	1086268
1086267	1086269
1086268	1086267
1086269	1086267
1086272	1086271
1089124	1086273
1086279	1086278
1086282	1086281
1086285	1086284
1086290	1086287
1086290	1086288
1086292	1086289
1089368	1086293
1090530	1086301
1090534	1086301
1090534	1090535
1090534	1090536
1086304	1086303
1086304	1090538
1086304	1090540
1090532	1086303
1090538	1086304
1090538	1090536
1090538	1090539
1090540	1086304
1089176	1086305
1089179	1086307
1089178	1086308
1086311	1086312
1086311	1086315
1086311	1090666
1086312	1086311
1090666	1086311
1090638	1086319
1086826	1086323
1086327	1086324
1086327	1086326
1086326	1086327
1086329	1086328
1086336	1086335
1086337	1086335
1086338	1086335
1086347	1086340
1086347	1086345
1086347	1089292
1086341	1086342
1086343	1086344
1086343	1086578
1086344	1086343
1086344	1089289
1086344	1089291
1086578	1086343
1086578	1086345
1086578	1089289
1089289	1086344
1089289	1086578
1089289	1089290
1089291	1086344
1086345	1086346
1086345	1086347
1086345	1086578
1089292	1086347
1088179	1086357
1086363	1086362
1086363	1086364
1086363	1086580
1086364	1086363
1086580	1086363
1089663	1086367
1086370	1086369
1086371	1086369
1086375	1086374
1086376	1086374
1086382	1086381
1088194	1086386
1086388	1086387
1086389	1086387
1086392	1086390
1086393	1086390
1088323	1086394
1088324	1086394
1086398	1086397
1086399	1086397
1087497	1086402
1087462	1086403
1086406	1086405
1086406	1086407
1086406	1086408
1086413	1086405
1086407	1086406
1086408	1086406
1086408	1086409
1086408	1086410
1086409	1086408
1086409	1086411
1086409	1086412
1086410	1086408
1086411	1086409
1086412	1086409
1086416	1086415
1086421	1086420
1086437	1086435
1086440	1086439
1086440	1089619
1086440	1089620
1089619	1086440
1089620	1086440
1089845	1086444
1089932	1086448
1086454	1086453
1086455	1086453
1086461	1086460
1086461	1086462
1086461	1086463
1086462	1086461
1086462	1086464
1086462	1086465
1086464	1086462
1086464	1086465
1086464	1086467
1086465	1086462
1086465	1086464
1086472	1086471
1086473	1086471
1086475	1086474
1086483	1086482
1086484	1086482
1086598	1086488
1086598	1086489
1086598	1086584
1086870	1086489
1086496	1086494
1086496	1086495
1086496	1086497
1086504	1086503
1089899	1086503
1086517	1086516
1086517	1090138
1086517	1090139
1090139	1086517
1086651	1086520
1090009	1086526
1089994	1086527
1086531	1086532
1086531	1090122
1086531	1090376
1086532	1086531
1086532	1090407
1086532	1090408
1090122	1086531
1090122	1090123
1090122	1090124
1090407	1086532
1090407	1086923
1090407	1090483
1090408	1086532
1086963	1086538
1086963	1086961
1086963	1086964
1086546	1086544
1088720	1086545
1088086	1086548
1088086	1088084
1088086	1088089
1088087	1086548
1088088	1086548
1086871	1086553
1086566	1086567
1089694	1086567
1087326	1086569
1087326	1087327
1087326	1087328
1089756	1086569
1089688	1086571
1089109	1086574
1086584	1086583
1086584	1086598
1088017	1086588
1086591	1086589
1086591	1086592
1086591	1086594
1086591	1089948
1086594	1086590
1086594	1086591
1086594	1086593
1088019	1086590
1089948	1086591
1089944	1086592
1089947	1086595
1090675	1086597
1088021	1086599
1090336	1086601
1090336	1086603
1090336	1090339
1090338	1086601
1090339	1086603
1090339	1089962
1090339	1090336
1086605	1086606
1086605	1086607
1086627	1086626
1086645	1086643
1086645	1086644
1086646	1086644
1086648	1086647
1086648	1090039
1090039	1086648
1090039	1090040
1090039	1090041
1086652	1086650
1086659	1086658
1086662	1086661
1086671	1086665
1086671	1086669
1086667	1086666
1086668	1086666
1086670	1086669
1086673	1086674
1086680	1086677
1086679	1086678
1086694	1086693
1086709	1086705
1087243	1086711
1086715	1086714
1087239	1086714
1086717	1086716
1086718	1086716
1086721	1086720
1086724	1086722
1087234	1086722
1088103	1086726
1088104	1086726
1087244	1086728
1086730	1086729
1086730	1086732
1086732	1086730
1086734	1086733
1086737	1086735
1086737	1086738
1086737	1087195
1087196	1086735
1087196	1087200
1087196	1087201
1086738	1086737
1087195	1086737
1090524	1086747
1087707	1086749
1090842	1086752
1086764	1086760
1086764	1086761
1086764	1086762
1087260	1086767
1086772	1086770
1086776	1086773
1086776	1086774
1086777	1086775
1086780	1086779
1086781	1086779
1086781	1086783
1086781	1086785
1086783	1086781
1086783	1086784
1086783	1086785
1086784	1086783
1086792	1086791
1086792	1086793
1086794	1086793
1090409	1086795
1086798	1086797
1086801	1086800
1086801	1086802
1086801	1086803
1086802	1086801
1086803	1086801
1086803	1087287
1087287	1086803
1087287	1087288
1087287	1089282
1086806	1086804
1086806	1086805
1086806	1086807
1086807	1086806
1088392	1086808
1086816	1086814
1086819	1086818
1086820	1086818
1086825	1086824
1086829	1086828
1090695	1086831
1086834	1086833
1088159	1086837
1086845	1086843
1086849	1086843
1086849	1086850
1086849	1086972
1086848	1086847
1086850	1086849
1086972	1086849
1086972	1086973
1086972	1086974
1087631	1086851
1086866	1086864
1086867	1086864
1086872	1086868
1086884	1086883
1086886	1086885
1086888	1086887
1086892	1086891
1086893	1086891
1090147	1086894
1090147	1087128
1090147	1090149
1089887	1086911
1086915	1086914
1086929	1086916
1086929	1086927
1086929	1086928
1086918	1086917
1086918	1086919
1086918	1086920
1086919	1086918
1086919	1086927
1086919	1086928
1086927	1086919
1086927	1086922
1086927	1086929
1086923	1086921
1086923	1086924
1086923	1090407
1086924	1086923
1086924	1086925
1086925	1086924
1086925	1090488
1090488	1086925
1086933	1086932
1086933	1086934
1086933	1086935
1086934	1086933
1086935	1086933
1086936	1086937
1086938	1086937
1086940	1086939
1086941	1086939
1086943	1086942
1086944	1086942
1086954	1086947
1086954	1086953
1086954	1090170
1086953	1086948
1086953	1086952
1086953	1086954
1086956	1086948
1086956	1086950
1086956	1086952
1086956	1086955
1086949	1086950
1086949	1086952
1086950	1086949
1086950	1086955
1086950	1086956
1086952	1086949
1086952	1086953
1086952	1086956
1090170	1086954
1086961	1086960
1086961	1086962
1086961	1086963
1086962	1086961
1086964	1086963
1086964	1086965
1086964	1087135
1086965	1086964
1086965	1087135
1086965	1087136
1087135	1086964
1087135	1086965
1087135	1087137
1087136	1086965
1086968	1086967
1090797	1086970
1090798	1086970
1086973	1086972
1086975	1086974
1086977	1086976
1086978	1086976
1086982	1086981
1086983	1086981
1086994	1086993
1086994	1089759
1086994	1089760
1087284	1086993
1089760	1086994
1086995	1086996
1086995	1086997
1086995	1087007
1086996	1086995
1086996	1086998
1086996	1086999
1086997	1086995
1086999	1086996
1087015	1086998
1087014	1087006
1087010	1087007
1087020	1087019
1087033	1087021
1088447	1087024
1088448	1087024
1087036	1087035
1087039	1087038
1087044	1087042
1087048	1087046
1087050	1087049
1087054	1087052
1087054	1087055
1087054	1087056
1087068	1087053
1087055	1087054
1087055	1087336
1087336	1087055
1087336	1087056
1087059	1087057
1087331	1087058
1087065	1087062
1087329	1087064
1087083	1087082
1087279	1087090
1087095	1087094
1087101	1087100
1090236	1087104
1090237	1087104
1087112	1087111
1087114	1087113
1087114	1087115
1087114	1087116
1087117	1087113
1087117	1087118
1087115	1087114
1087115	1087118
1087115	1087119
1087116	1087114
1087118	1087115
1087118	1087117
1087118	1087122
1087118	1087123
1087119	1087115
1087119	1087120
1087119	1087121
1087122	1087118
1087123	1087118
1087123	1087121
1087123	1087125
1087120	1087119
1087121	1087119
1087121	1087123
1087121	1087124
1087124	1087121
1087125	1087123
1087130	1087129
1087130	1087133
1087130	1087134
1087131	1087129
1087132	1087129
1087133	1087130
1087134	1087130
1087137	1087135
1087140	1087139
1087160	1087146
1087160	1087159
1087160	1087161
1087161	1087146
1087161	1087159
1087161	1087160
1087151	1087148
1087152	1087150
1087154	1087153
1087163	1087162
1087164	1087162
1087164	1087165
1087164	1087166
1087165	1087164
1087166	1087164
1087166	1087167
1087166	1087168
1087167	1087166
1087168	1087166
1087173	1087171
1087175	1087174
1087178	1087177
1087185	1087181
1087185	1087300
1087185	1087301
1087186	1087184
1087186	1087300
1087186	1087301
1087301	1087185
1087301	1087186
1087300	1087185
1087300	1087186
1090066	1087187
1090435	1087191
1087200	1087196
1087201	1087196
1087211	1087207
1087211	1087208
1087211	1087212
1087212	1087211
1090380	1087218
1090380	1090382
1090380	1090383
1090381	1087218
1087221	1087220
1087227	1087225
1087227	1087250
1087227	1087254
1087228	1087225
1087250	1087227
1087250	1087252
1087250	1087257
1087254	1087227
1087230	1087229
1087240	1087237
1087241	1087238
1087242	1087238
1087247	1087246
1087252	1087250
1087257	1087250
1088862	1087262
1088861	1087263
1089028	1087267
1089067	1087268
1089067	1089066
1089067	1089068
1089076	1087269
1087594	1087278
1089424	1087283
1089284	1087288
1087295	1087294
1089985	1087305
1087309	1087308
1087310	1087308
1087313	1087312
1087314	1087312
1087316	1087315
1087319	1087318
1087321	1087320
1087327	1087326
1087327	1089754
1087327	1089757
1087328	1087326
1089754	1087327
1089754	1089751
1089754	1089755
1089757	1087327
1087341	1087340
1087342	1087340
1090641	1087346
1087352	1087350
1089923	1087351
1087356	1087354
1087359	1087358
1087360	1087358
1087363	1087361
1087366	1087365
1087369	1087368
1087370	1087368
1087375	1087373
1087380	1087378
1087380	1090806
1090806	1087380
1087381	1087382
1087381	1087383
1087381	1087386
1087382	1087381
1087382	1087384
1087382	1087385
1087383	1087381
1087383	1090808
1087383	1090811
1087385	1087382
1090808	1087383
1090808	1090809
1090808	1090810
1090811	1087383
1090807	1087384
1087387	1087386
1090526	1087392
1090526	1090527
1090526	1090528
1087398	1087397
1087398	1090544
1087398	1090547
1087399	1087397
1090544	1087398
1090544	1090545
1090544	1090546
1090547	1087398
1090583	1087402
1087404	1087403
1087406	1087405
1087413	1087412
1087413	1087414
1087413	1087419
1087417	1087412
1087417	1087416
1087417	1087419
1087419	1087413
1087419	1087417
1087419	1087418
1087419	1090561
1090560	1087414
1087416	1087417
1087416	1087418
1087416	1087425
1090561	1087419
1087424	1087425
1087424	1087426
1087424	1090553
1090553	1087424
1090554	1087426
1087431	1087428
1090750	1087429
1087434	1087433
1087442	1087441
1087453	1087452
1087465	1087464
1087465	1087491
1087465	1090871
1087491	1087465
1087491	1087468
1087491	1087492
1090871	1087465
1087468	1087467
1087468	1087469
1087468	1087491
1087470	1087467
1087469	1087468
1087469	1087471
1087469	1087507
1087507	1087469
1087472	1087471
1087472	1087504
1087472	1087506
1087504	1087472
1087504	1087502
1087504	1087505
1087506	1087472
1087480	1087478
1087480	1087479
1087484	1087483
1087492	1087491
1087496	1087495
1087499	1087498
1087500	1087498
1087500	1087501
1087500	1087502
1087501	1087500
1087502	1087500
1087502	1087503
1087502	1087504
1087503	1087502
1087505	1087504
1087514	1087513
1087526	1087525
1087527	1087525
1087532	1087531
1087533	1087531
1087533	1087534
1087533	1087535
1087534	1087533
1087536	1087535
1087541	1087539
1087541	1087542
1087541	1087543
1087544	1087539
1087542	1087541
1087543	1087541
1087548	1087546
1087553	1087552
1087554	1087552
1087571	1087568
1087584	1087570
1087574	1087573
1087575	1087573
1087575	1087576
1087575	1087577
1087576	1087575
1087577	1087575
1087577	1087578
1087577	1087579
1087578	1087577
1087579	1087577
1087579	1087580
1087579	1087581
1087580	1087579
1087582	1087581
1090885	1087586
1090684	1087592
1087596	1087595
1087596	1087597
1087596	1087598
1087602	1087595
1087602	1087600
1087602	1087604
1087597	1087596
1087598	1087596
1087603	1087600
1087604	1087602
1087606	1087605
1087610	1087608
1090686	1087609
1087614	1087613
1090699	1087615
1090882	1087618
1087620	1087619
1087625	1087626
1087625	1087627
1087628	1087627
1087633	1087632
1087634	1087632
1087634	1087635
1087634	1087636
1087635	1087634
1087636	1087634
1087636	1087637
1087636	1087638
1087637	1087636
1087639	1087638
1087656	1087655
1087658	1087657
1087662	1087661
1090688	1087664
1087666	1087665
1087667	1087665
1087668	1087669
1087668	1087674
1087669	1087668
1087669	1087672
1087674	1087668
1087674	1087670
1087674	1087675
1087672	1087669
1087672	1087671
1087672	1087673
1087676	1087670
1087671	1087672
1087673	1087672
1087675	1087674
1087680	1087679
1087690	1087689
1087694	1087691
1087692	1087691
1087692	1087693
1087692	1090681
1087693	1087692
1090681	1087692
1087698	1087696
1087733	1087697
1087709	1087708
1087711	1087710
1087713	1087712
1087713	1087714
1087713	1087715
1090679	1087712
1087714	1087713
1087734	1087723
1087728	1087726
1087736	1087735
1087737	1087735
1087737	1087738
1087737	1087739
1087738	1087737
1087740	1087739
1087752	1087750
1087755	1087754
1087762	1087761
1087764	1087763
1087768	1087767
1087768	1087778
1087768	1087780
1087769	1087767
1087780	1087768
1087772	1087771
1087773	1087774
1087773	1087775
1087773	1087776
1087775	1087773
1088845	1087774
1087777	1087776
1087779	1087778
1087782	1087781
1087794	1087793
1087794	1087796
1087794	1087797
1087795	1087793
1087797	1087794
1087803	1087802
1087804	1087802
1087804	1087805
1087804	1087806
1087805	1087804
1090305	1087806
1087809	1087808
1087809	1087810
1087809	1087811
1087810	1087809
1087811	1087809
1087814	1087812
1087814	1087816
1087814	1087817
1087815	1087812
1087817	1087814
1087818	1087816
1087821	1087822
1087821	1087823
1087821	1087826
1087823	1087821
1087824	1087822
1087827	1087826
1087830	1087829
1087832	1087831
1088787	1087831
1088787	1088788
1088787	1090309
1087835	1087833
1087838	1087836
1087838	1087840
1087838	1087841
1087839	1087836
1087841	1087838
1087843	1087840
1090693	1087849
1090703	1087853
1088762	1087855
1087859	1087858
1087863	1087860
1090304	1087862
1087936	1087865
1087870	1087869
1087877	1087873
1087877	1087875
1088083	1087874
1088083	1087875
1088083	1088082
1087876	1087875
1087879	1087878
1087880	1087878
1087882	1087881
1088289	1087884
1088289	1087888
1088289	1088291
1087886	1087885
1087888	1087887
1087888	1088289
1087888	1088290
1088290	1087888
1087894	1087890
1087898	1087897
1087902	1087900
1087904	1087903
1087909	1087907
1087909	1087911
1087909	1087912
1087910	1087907
1087911	1087909
1087911	1087913
1087911	1087914
1087912	1087909
1087913	1087911
1087913	1087915
1087913	1087916
1087914	1087911
1087916	1087913
1087917	1087915
1087919	1087918
1087921	1087920
1087922	1087920
1087930	1087929
1087934	1087933
1087935	1087933
1087945	1087944
1087947	1087946
1087953	1087951
1087954	1087955
1087954	1088814
1087954	1090879
1087955	1087954
1087955	1088818
1087955	1088819
1088814	1087954
1088814	1088811
1088814	1088813
1090879	1087954
1088819	1087955
1087965	1087957
1087960	1087959
1087962	1087961
1087966	1087964
1087978	1087977
1087981	1087979
1087986	1087985
1087988	1087987
1087989	1087987
1087989	1087990
1087989	1087991
1087990	1087989
1087992	1087991
1088000	1087997
1088001	1087997
1088003	1087999
1088004	1087999
1088005	1088002
1088009	1088008
1088024	1088022
1088026	1088025
1088030	1088028
1088030	1089029
1088030	1089031
1088031	1088028
1089031	1088030
1088033	1088032
1088036	1088037
1088036	1090737
1088036	1090834
1088037	1088036
1088037	1088188
1088037	1088190
1090737	1088036
1088190	1088037
1090734	1088044
1090735	1088044
1088047	1088045
1088050	1088048
1088050	1088051
1088050	1088052
1090841	1088048
1088052	1088050
1088055	1088051
1090843	1088057
1088062	1088061
1088062	1090844
1088062	1090845
1090844	1088062
1090845	1088062
1088066	1088064
1088069	1088068
1088074	1088072
1088074	1088076
1088074	1088077
1088075	1088072
1090738	1088073
1090739	1088073
1088077	1088074
1088078	1088076
1088082	1088083
1088084	1088085
1088084	1088086
1088085	1088084
1088089	1088086
1088093	1088092
1088095	1088094
1088101	1088098
1088102	1088100
1088119	1088116
1088127	1088122
1088127	1088124
1088127	1088128
1088124	1088123
1088124	1088126
1088124	1088127
1088125	1088123
1088126	1088124
1088128	1088127
1088134	1088133
1088135	1088133
1088140	1088139
1088141	1088139
1088145	1088143
1088146	1088147
1088146	1088149
1088147	1088146
1088147	1088148
1088149	1088146
1088149	1088148
1088149	1088151
1088148	1088147
1088148	1088149
1088148	1088150
1088150	1088148
1088150	1088151
1088150	1088152
1088155	1088154
1088157	1088156
1088163	1088162
1088167	1088165
1088168	1088169
1088170	1088169
1088173	1088172
1088175	1088174
1088181	1088180
1088182	1088180
1088322	1088183
1088189	1088188
1088197	1088196
1088198	1088196
1088200	1088199
1088207	1088205
1088215	1088213
1090832	1088216
1088236	1088217
1088222	1088220
1088224	1088223
1088224	1088225
1088224	1088226
1088227	1088223
1088227	1088228
1088227	1088229
1088225	1088224
1088226	1088224
1088228	1088227
1088230	1088229
1090833	1088235
1088239	1088238
1088240	1088238
1088264	1088249
1088253	1088252
1088256	1088254
1088260	1088259
1088267	1088266
1088270	1088269
1088271	1088269
1088271	1088272
1088271	1088273
1088272	1088271
1088274	1088273
1088274	1088275
1088274	1088276
1088276	1088274
1088277	1088275
1088279	1088278
1088281	1088280
1088284	1088282
1088287	1088285
1088291	1088289
1088299	1088297
1088304	1088302
1088308	1088307
1088309	1088307
1088325	1088312
1088325	1088326
1088325	1088327
1090846	1088313
1088315	1088314
1088320	1088319
1088320	1088321
1088326	1088325
1088327	1088325
1088330	1088328
1088331	1088329
1088334	1088333
1088334	1088335
1088335	1088334
1088347	1088345
1088350	1088349
1088355	1088351
1088353	1088352
1088354	1088352
1088369	1088368
1088370	1088371
1088370	1088373
1088370	1088374
1088374	1088370
1088374	1088376
1088374	1088382
1088381	1088371
1088372	1088373
1088376	1088373
1088376	1088374
1088376	1088375
1088376	1088379
1088382	1088374
1088382	1088383
1088382	1088384
1088375	1088376
1088379	1088376
1088380	1088377
1088383	1088382
1088384	1088382
1088384	1088385
1088384	1088386
1088385	1088384
1088387	1088386
1088399	1088398
1088400	1088398
1088403	1088402
1088409	1088407
1088430	1088429
1088430	1088432
1088430	1088440
1088431	1088429
1088440	1088430
1088433	1088432
1088436	1088434
1088443	1088441
1088450	1088449
1088451	1088449
1088463	1088462
1088466	1088465
1088466	1088467
1088467	1088466
1088473	1088471
1088475	1088474
1089189	1088474
1089189	1089187
1089189	1089191
1088479	1088477
1089192	1088480
1088483	1088482
1088483	1088484
1088483	1088485
1088484	1088483
1088485	1088483
1088492	1088490
1088493	1088491
1088495	1088494
1088499	1088497
1088505	1088502
1090519	1088504
1088508	1088507
1088508	1088509
1088508	1088514
1088509	1088508
1088511	1088510
1088519	1088510
1088513	1088512
1088515	1088514
1088536	1088535
1088540	1088535
1088540	1088538
1088540	1088542
1088538	1088537
1088538	1088540
1088538	1088541
1088539	1088537
1088541	1088538
1088542	1088540
1088544	1088543
1088605	1088545
1088553	1088552
1088555	1088554
1088565	1088564
1088567	1088566
1088568	1088566
1088583	1088582
1088587	1088585
1088594	1088592
1088595	1088593
1088599	1088597
1088602	1088600
1088607	1088606
1088610	1088609
1088611	1088609
1088611	1088612
1088611	1088613
1088612	1088611
1088613	1088611
1088613	1088614
1088613	1088615
1088613	1088616
1088614	1088613
1088615	1088613
1088617	1088616
1088617	1088618
1088617	1088619
1088618	1088617
1088619	1088617
1088623	1088621
1089299	1088628
1089299	1089300
1089299	1089301
1088636	1088630
1088632	1088633
1088632	1088634
1088632	1090349
1088634	1088632
1090349	1088632
1090349	1090288
1090349	1090351
1090287	1088633
1088637	1088638
1088637	1088639
1088637	1088641
1088638	1088637
1088638	1088646
1088638	1090307
1088639	1088637
1088641	1088637
1088641	1088640
1088641	1090348
1088646	1088638
1088646	1088647
1088646	1088648
1090307	1088638
1088640	1088641
1088640	1088642
1088640	1088644
1088642	1088640
1088644	1088640
1088644	1088643
1088644	1088657
1090348	1088641
1088645	1088643
1088657	1088644
1088647	1088646
1088647	1088658
1088647	1090290
1088648	1088646
1088658	1088647
1088658	1088659
1088658	1088660
1090290	1088647
1088653	1088649
1088653	1088654
1088652	1088651
1088654	1088653
1088654	1088655
1088655	1088654
1088659	1088658
1088659	1088661
1088659	1088662
1088660	1088658
1088662	1088659
1088663	1088661
1088667	1088666
1088670	1088669
1088671	1088669
1088673	1088674
1088673	1088675
1088673	1088765
1088675	1088673
1088765	1088673
1088765	1088677
1088765	1088766
1088767	1088674
1088677	1088676
1088677	1088765
1088677	1090294
1088678	1088676
1088678	1088679
1088678	1088680
1090294	1088677
1088679	1088678
1088680	1088678
1090292	1088683
1088687	1088686
1088691	1088690
1088694	1088693
1088698	1088696
1088698	1088700
1088698	1088701
1088699	1088696
1088700	1088698
1088700	1088702
1088700	1089840
1088701	1088698
1088702	1088700
1088702	1088703
1088702	1088704
1089840	1088700
1089840	1089841
1089840	1089842
1088704	1088702
1088705	1088703
1089838	1088706
1088710	1088709
1088711	1088709
1088711	1088712
1088711	1088713
1088712	1088711
1088714	1088713
1088724	1088723
1088728	1088726
1088728	1088729
1088728	1088731
1088731	1088728
1088730	1088729
1088733	1088732
1088736	1088735
1088739	1088738
1088744	1088743
1088756	1088754
1088759	1088757
1090301	1088758
1088763	1088761
1088763	1088764
1088764	1088763
1088766	1088765
1088768	1088769
1088768	1088770
1088768	1090295
1088770	1088768
1090295	1088768
1090295	1090296
1090295	1090297
1090295	1090298
1090344	1088769
1088773	1088771
1088773	1088775
1088773	1088776
1088774	1088771
1088776	1088773
1090303	1088775
1088784	1088780
1088784	1088789
1088784	1088790
1088785	1088780
1088782	1088781
1088783	1088781
1088789	1088784
1088789	1088791
1088789	1088792
1088790	1088784
1090717	1088786
1088788	1088787
1090309	1088787
1090309	1090310
1090309	1090312
1088791	1088789
1088791	1088793
1088791	1088794
1088792	1088789
1088794	1088791
1090718	1088793
1090720	1088796
1088801	1088800
1088802	1088800
1088804	1088803
1088805	1088803
1088809	1088807
1088811	1088812
1088811	1088813
1088811	1088814
1088813	1088811
1088813	1088814
1088813	1088815
1088813	1088818
1088817	1088812
1088815	1088813
1088825	1088822
1088826	1088824
1088830	1088829
1088831	1088829
1088837	1088834
1088838	1088836
1088841	1088840
1088847	1088846
1088853	1088852
1088857	1088856
1088857	1088858
1088858	1088857
1088858	1088859
1090729	1088859
1090730	1088859
1090866	1088867
1088870	1088869
1088870	1088871
1088870	1088878
1088871	1088870
1088878	1088870
1088873	1088872
1088873	1088874
1088873	1088875
1088874	1088872
1088874	1088873
1088874	1088876
1088874	1088877
1088875	1088873
1088876	1088874
1088877	1088874
1088884	1088882
1088887	1088885
1088887	1088889
1088887	1088890
1088888	1088885
1088890	1088887
1088891	1088889
1088893	1088892
1088895	1088894
1088895	1088896
1088895	1088897
1088898	1088894
1088896	1088895
1088897	1088895
1088901	1088899
1088909	1088908
1088911	1088912
1088911	1088913
1088911	1088914
1088912	1088911
1088913	1088911
1088914	1088911
1088914	1088915
1088914	1088916
1088915	1088914
1088919	1088916
1088923	1088922
1088923	1088924
1088923	1088925
1088924	1088923
1088925	1088923
1088930	1088929
1088932	1088931
1088933	1088931
1088938	1088934
1088942	1088940
1088945	1088944
1088945	1088949
1088945	1088951
1088946	1088944
1088949	1088945
1088949	1088947
1088949	1088950
1088951	1088945
1088948	1088947
1088950	1088949
1090839	1088957
1088966	1088965
1088968	1088967
1088969	1088967
1088971	1088970
1088972	1088970
1089000	1088973
1088976	1088975
1088977	1088975
1088979	1088978
1088979	1088981
1088979	1088982
1088980	1088978
1088981	1088979
1088981	1088985
1088981	1088986
1088982	1088979
1088985	1088981
1088985	1088987
1088985	1088988
1088986	1088981
1088984	1088983
1088988	1088985
1088989	1088987
1088989	1088990
1088989	1088991
1088990	1088989
1088991	1088989
1088993	1088992
1088995	1088994
1088998	1088997
1088999	1088997
1089006	1089003
1089007	1089005
1090680	1089008
1090704	1089008
1089012	1089010
1090709	1089013
1090707	1089013
1090707	1090708
1090707	1090710
1089016	1089014
1090706	1089015
1089018	1089017
1089019	1089017
1089019	1089020
1089019	1089021
1089020	1089019
1089021	1089019
1089021	1089022
1089021	1089023
1089022	1089021
1089023	1089021
1089023	1089024
1089023	1089025
1089024	1089023
1089026	1089025
1090712	1089027
1089030	1089029
1089033	1089032
1089044	1089039
1089043	1089042
1090726	1089047
1090727	1089047
1089055	1089054
1089069	1089062
1089065	1089064
1089068	1089067
1089073	1089072
1089074	1089072
1089081	1089079
1089094	1089092
1089094	1089095
1089820	1089093
1090500	1089096
1089103	1089102
1089113	1089111
1089117	1089116
1089118	1089116
1089122	1089121
1089123	1089121
1089128	1089127
1089133	1089131
1089135	1089136
1089135	1089137
1089135	1089766
1089136	1089135
1089136	1089138
1089136	1089139
1089137	1089135
1089766	1089135
1089766	1089764
1089766	1089768
1089139	1089136
1089140	1089138
1089145	1089144
1089497	1089154
1089530	1089156
1089169	1089166
1089169	1089168
1089169	1089170
1089170	1089169
1089170	1090479
1089170	1090480
1090479	1089170
1090479	1090326
1090479	1090327
1090480	1089170
1089172	1089171
1089173	1089171
1089180	1089181
1089180	1089182
1089180	1089184
1090506	1089181
1089183	1089182
1089185	1089184
1089187	1089186
1089187	1089189
1089187	1089190
1089188	1089186
1089190	1089187
1089191	1089189
1089225	1089197
1089202	1089199
1089203	1089201
1089207	1089204
1090508	1089206
1090325	1089210
1089215	1089214
1089217	1089216
1089224	1089223
1089233	1089232
1089233	1089234
1089233	1089235
1089233	1089542
1089545	1089232
1089545	1089546
1089545	1089547
1089234	1089233
1089234	1089236
1089234	1089541
1089235	1089233
1089542	1089233
1089542	1089543
1089542	1089544
1089236	1089234
1089236	1089237
1089236	1089238
1089541	1089234
1089237	1089236
1089237	1089538
1089237	1089540
1089238	1089236
1089538	1089237
1089538	1089536
1089538	1089539
1089540	1089237
1089240	1089239
1089252	1089243
1089246	1089245
1089248	1089247
1089253	1089250
1089269	1089262
1089269	1089270
1089269	1089271
1090663	1089262
1089264	1089263
1089265	1089263
1089267	1089266
1089268	1089266
1089271	1089269
1090662	1089270
1089274	1089272
1089277	1089276
1089285	1089282
1089290	1089289
1089294	1089295
1089296	1089295
1089296	1089297
1089296	1089298
1089297	1089296
1089300	1089299
1089301	1089299
1089304	1089303
1089305	1089303
1089311	1089309
1089313	1089312
1089314	1089312
1089317	1089315
1089322	1089321
1089323	1089321
1089328	1089324
1089326	1089325
1089327	1089325
1089335	1089334
1089337	1089336
1089356	1089355
1089363	1089361
1089365	1089364
1089366	1089364
1089374	1089373
1089377	1089375
1089380	1089379
1089382	1089381
1089386	1089385
1089388	1089387
1089390	1089389
1089395	1089394
1089398	1089399
1089398	1089400
1089398	1089401
1089400	1089398
1089401	1089398
1089401	1089402
1089401	1089403
1089418	1089399
1089402	1089401
1089404	1089403
1089407	1089406
1089410	1089409
1089412	1089411
1089413	1089411
1089422	1089421
1089427	1089428
1089427	1089429
1089427	1089432
1089428	1089427
1089428	1089449
1089428	1090503
1089429	1089427
1089429	1089430
1089429	1089431
1090503	1089428
1089430	1089429
1089431	1089429
1089453	1089432
1089436	1089435
1089437	1089435
1089439	1089438
1089439	1089440
1089439	1089441
1089442	1089438
1089442	1089443
1089442	1089444
1089440	1089439
1089441	1089439
1089443	1089442
1089445	1089444
1089450	1089449
1089450	1089451
1089450	1089452
1089451	1089450
1089452	1089450
1089458	1089456
1089462	1089460
1089465	1089464
1089474	1089473
1089485	1089475
1089481	1089480
1089483	1089482
1089491	1089490
1089491	1089492
1089491	1089493
1089492	1089491
1089493	1089491
1089529	1089498
1089502	1089499
1089531	1089500
1089532	1089500
1089532	1089533
1089532	1089534
1089506	1089505
1089507	1089505
1089512	1089509
1089527	1089511
1089780	1089513
1089516	1089515
1089518	1089517
1089525	1089519
1089523	1089521
1089533	1089532
1089534	1089532
1089534	1089535
1089534	1089536
1089535	1089534
1089536	1089534
1089536	1089537
1089536	1089538
1089537	1089536
1089539	1089538
1089543	1089542
1089544	1089542
1089546	1089545
1089547	1089545
1089549	1089548
1089551	1089550
1089557	1089554
1089557	1089558
1089557	1089561
1089558	1089557
1089558	1089559
1089558	1089560
1089561	1089557
1089559	1089558
1089560	1089558
1089563	1089562
1089567	1089565
1089569	1089570
1089569	1089571
1089570	1089569
1089570	1089572
1089572	1089570
1089576	1089574
1089578	1089577
1089583	1089582
1089583	1089584
1089583	1089585
1089586	1089582
1089584	1089583
1089585	1089583
1089592	1089591
1089596	1089593
1089597	1089595
1089603	1089602
1089607	1089604
1089853	1089612
1089655	1089615
1089623	1089622
1089624	1089622
1089627	1089626
1089628	1089626
1089630	1089629
1089632	1089633
1089632	1089634
1089632	1090610
1089633	1089632
1089634	1089632
1089634	1090609
1090609	1089634
1089638	1089637
1089642	1089641
1089644	1089643
1089650	1089646
1089648	1089647
1089649	1089647
1089654	1089651
1090608	1089653
1089660	1089658
1089662	1089661
1089668	1089666
1090474	1089672
1090474	1090475
1090474	1090476
1089682	1089681
1089693	1089692
1089696	1089695
1089706	1089704
1089715	1089714
1089716	1089714
1089731	1089729
1089732	1089729
1089735	1089733
1089772	1089741
1089748	1089747
1089749	1089747
1089749	1089750
1089749	1089752
1089750	1089749
1089752	1089749
1089752	1089751
1089752	1089758
1089758	1089752
1089755	1089754
1089761	1089759
1089764	1089762
1089764	1089766
1089764	1089767
1089765	1089762
1089767	1089764
1089768	1089766
1089774	1089773
1089779	1089778
1089786	1089785
1089789	1089788
1089789	1089791
1089789	1089792
1089790	1089788
1089791	1089789
1089792	1089789
1089794	1089793
1089795	1089793
1089809	1089808
1089814	1089811
1089817	1089815
1089825	1089824
1089828	1089827
1089829	1089827
1089831	1089830
1089833	1089832
1089836	1089835
1089839	1089837
1089841	1089840
1089842	1089840
1089848	1089847
1090103	1089855
1089864	1089863
1089869	1089868
1089870	1089868
1089874	1089873
1089881	1089879
1089883	1089882
1089884	1089882
1089974	1089890
1089906	1089903
1090637	1089913
1089921	1089920
1089938	1089935
1089954	1089951
1089955	1089953
1089957	1089956
1089962	1089961
1089962	1090339
1089962	1090340
1090337	1089961
1090340	1089962
1089973	1089972
1089978	1089975
1089979	1089977
1089983	1089981
1089988	1089987
1090241	1089987
1089995	1089993
1090003	1089997
1089999	1089998
1090000	1089998
1090027	1090007
1090011	1090010
1090014	1090012
1090017	1090015
1090017	1090019
1090017	1090020
1090018	1090015
1090019	1090017
1090019	1090021
1090019	1090022
1090020	1090017
1090021	1090019
1090021	1090025
1090022	1090019
1090022	1090023
1090022	1090024
1090023	1090022
1090024	1090022
1090035	1090032
1090034	1090033
1090041	1090039
1090042	1090040
1090053	1090045
1090050	1090046
1090050	1090047
1090050	1090051
1090052	1090049
1090051	1090050
1090056	1090055
1090062	1090060
1090065	1090064
1090069	1090068
1090078	1090077
1090079	1090077
1090079	1090080
1090079	1090081
1090080	1090079
1090081	1090079
1090081	1090082
1090081	1090083
1090082	1090081
1090083	1090081
1090086	1090085
1090101	1090100
1090102	1090100
1090107	1090105
1090108	1090106
1090120	1090119
1090123	1090122
1090123	1090124
1090123	1090483
1090124	1090122
1090124	1090123
1090483	1090123
1090483	1090407
1090483	1090484
1090483	1090485
1090129	1090128
1090137	1090136
1090146	1090145
1090146	1090419
1090149	1090147
1090153	1090151
1090439	1090155
1090160	1090159
1090160	1090164
1090160	1090165
1090165	1090160
1090168	1090167
1090169	1090167
1090185	1090183
1090189	1090184
1090193	1090192
1090194	1090192
1090196	1090195
1090197	1090195
1090232	1090201
1090208	1090207
1090216	1090215
1090229	1090228
1090239	1090238
1090240	1090238
1090247	1090245
1090250	1090248
1090252	1090251
1090414	1090254
1090260	1090259
1090265	1090263
1090265	1090364
1090265	1090367
1090366	1090263
1090364	1090265
1090364	1090368
1090364	1090369
1090367	1090265
1090367	1090368
1090367	1090371
1090322	1090279
1090322	1090323
1090323	1090279
1090323	1090322
1090350	1090288
1090296	1090295
1090297	1090295
1090299	1090298
1090310	1090309
1090312	1090309
1090312	1090311
1090312	1090347
1090313	1090311
1090313	1090314
1090313	1090315
1090347	1090312
1090314	1090313
1090315	1090313
1090319	1090318
1090320	1090318
1090327	1090326
1090327	1090328
1090327	1090479
1090351	1090349
1090351	1090352
1090351	1090353
1090352	1090351
1090353	1090351
1090357	1090355
1090357	1090356
1090357	1090358
1090358	1090355
1090358	1090357
1090358	1090359
1090360	1090355
1090356	1090357
1090359	1090358
1090368	1090364
1090368	1090367
1090368	1090370
1090369	1090364
1090371	1090367
1090370	1090368
1090374	1090372
1090402	1090376
1090378	1090377
1090379	1090377
1090382	1090380
1090383	1090380
1090383	1090384
1090383	1090385
1090384	1090383
1090385	1090383
1090385	1090386
1090385	1090387
1090386	1090385
1090387	1090385
1090387	1090388
1090387	1090393
1090388	1090387
1090388	1090389
1090388	1090390
1090393	1090387
1090393	1090394
1090393	1090395
1090393	1090398
1090389	1090388
1090390	1090388
1090390	1090391
1090390	1090392
1090391	1090390
1090392	1090390
1090395	1090393
1090395	1090396
1090395	1090397
1090398	1090393
1090398	1090399
1090398	1090400
1090401	1090394
1090396	1090395
1090397	1090395
1090399	1090398
1090400	1090398
1090431	1090430
1090442	1090437
1090440	1090441
1090444	1090443
1090444	1090445
1090444	1090446
1090446	1090443
1090446	1090444
1090446	1090447
1090445	1090444
1090447	1090446
1090450	1090449
1090461	1090453
1090458	1090454
1090458	1090459
1090458	1090460
1090456	1090455
1090457	1090455
1090459	1090458
1090460	1090458
1090465	1090464
1090466	1090467
1090472	1090471
1090475	1090474
1090476	1090474
1090484	1090483
1090484	1090486
1090484	1090487
1090485	1090483
1090486	1090484
1090487	1090484
1090495	1090494
1090498	1090494
1090522	1090521
1090527	1090526
1090528	1090526
1090535	1090534
1090536	1090534
1090536	1090537
1090536	1090538
1090537	1090536
1090539	1090538
1090545	1090544
1090546	1090544
1090551	1090550
1090552	1090550
1090558	1090557
1090559	1090557
1090566	1090565
1090567	1090565
1090569	1090568
1090570	1090568
1090579	1090577
1090589	1090588
1090590	1090588
1090595	1090594
1090596	1090594
1090603	1090601
1090611	1090610
1090621	1090622
1090621	1090624
1090622	1090621
1090624	1090621
1090624	1090623
1090624	1090630
1090624	1090632
1090630	1090624
1090630	1090629
1090630	1090631
1090627	1090626
1090629	1090630
1090629	1090632
1090634	1090633
1090644	1090643
1090647	1090643
1090649	1090648
1090649	1090651
1090649	1090652
1090650	1090648
1090651	1090649
1090651	1090653
1090651	1090654
1090652	1090649
1090653	1090651
1090653	1090655
1090653	1090656
1090654	1090651
1090655	1090653
1090655	1090659
1090655	1090660
1090656	1090653
1090660	1090655
1090661	1090659
1090698	1090696
1090708	1090707
1090710	1090707
1090721	1090719
1090724	1090723
1090741	1090740
1090746	1090744
1090770	1090761
1090781	1090780
1090786	1090785
1090787	1090785
1090794	1090793
1090795	1090793
1090805	1090803
1090809	1090808
1090810	1090808
1090816	1090815
1090825	1090824
1090828	1090827
1090836	1090835
1090849	1090847
1090853	1090852
1090859	1090858
1090860	1090858
1090862	1090861
1090862	1090863
1090863	1090862
1090887	1090886
1090888	1090886
1090892	1090891
1090901	1090894
1090902	1090894
1090903	1090894
1090900	1090898
